   0.43828E+02
   0.43828E+02
   0.43828E+02
   0.43828E+02
   0.43828E+02
   0.40828E+02
   0.40828E+02
   0.40828E+02
   0.40828E+02
   0.40828E+02
   0.40546E+02
   0.40546E+02
   0.40546E+02
   0.40546E+02
   0.40546E+02
   0.40980E+02
   0.40980E+02
   0.40980E+02
   0.40980E+02
   0.40980E+02
   0.41130E+02
   0.41130E+02
   0.41130E+02
   0.41130E+02
   0.41130E+02
   0.41090E+02
   0.41090E+02
   0.41090E+02
   0.41090E+02
   0.41090E+02
   0.40921E+02
   0.40921E+02
   0.40921E+02
   0.40921E+02
   0.40921E+02
   0.40638E+02
   0.40638E+02
   0.40638E+02
   0.40638E+02
   0.40638E+02
   0.40264E+02
   0.40264E+02
   0.40264E+02
   0.40264E+02
   0.40264E+02
   0.39824E+02
   0.39824E+02
   0.39824E+02
   0.39824E+02
   0.39824E+02
   0.39346E+02
   0.39346E+02
   0.39346E+02
   0.39346E+02
   0.39346E+02
   0.38870E+02
   0.38870E+02
   0.38870E+02
   0.38870E+02
   0.38870E+02
   0.38448E+02
   0.38448E+02
   0.38448E+02
   0.38448E+02
   0.38448E+02
   0.38137E+02
   0.38137E+02
   0.38137E+02
   0.38137E+02
   0.38137E+02
   0.37980E+02
   0.37980E+02
   0.37980E+02
   0.37980E+02
   0.37980E+02
   0.37978E+02
   0.37978E+02
   0.37978E+02
   0.37978E+02
   0.37978E+02
   0.38104E+02
   0.38104E+02
   0.38104E+02
   0.38104E+02
   0.38104E+02
   0.38361E+02
   0.38361E+02
   0.38361E+02
   0.38361E+02
   0.38361E+02
   0.38689E+02
   0.38689E+02
   0.38689E+02
   0.38689E+02
   0.38689E+02
   0.39005E+02
   0.39005E+02
   0.39005E+02
   0.39005E+02
   0.39005E+02
   0.39235E+02
   0.39235E+02
   0.39235E+02
   0.39235E+02
   0.39235E+02
   0.39346E+02
   0.39346E+02
   0.39346E+02
   0.39346E+02
   0.39346E+02
   0.39339E+02
   0.39339E+02
   0.39339E+02
   0.39339E+02
   0.39339E+02
   0.39229E+02
   0.39229E+02
   0.39229E+02
   0.39229E+02
   0.39229E+02
   0.39031E+02
   0.39031E+02
   0.39031E+02
   0.39031E+02
   0.39031E+02
   0.38764E+02
   0.38764E+02
   0.38764E+02
   0.38764E+02
   0.38764E+02
   0.38439E+02
   0.38439E+02
   0.38439E+02
   0.38439E+02
   0.38439E+02
   0.38070E+02
   0.38070E+02
   0.38070E+02
   0.38070E+02
   0.38070E+02
   0.37680E+02
   0.37680E+02
   0.37680E+02
   0.37680E+02
   0.37680E+02
   0.37310E+02
   0.37310E+02
   0.37310E+02
   0.37310E+02
   0.37310E+02
   0.37010E+02
   0.37010E+02
   0.37010E+02
   0.37010E+02
   0.37010E+02
   0.36830E+02
   0.36830E+02
   0.36830E+02
   0.36830E+02
   0.36830E+02
   0.36801E+02
   0.36801E+02
   0.36801E+02
   0.36801E+02
   0.36801E+02
   0.36916E+02
   0.36916E+02
   0.36916E+02
   0.36916E+02
   0.36916E+02
   0.37142E+02
   0.37142E+02
   0.37142E+02
   0.37142E+02
   0.37142E+02
   0.37423E+02
   0.37423E+02
   0.37423E+02
   0.37423E+02
   0.37423E+02
   0.37704E+02
   0.37704E+02
   0.37704E+02
   0.37704E+02
   0.37704E+02
   0.37938E+02
   0.37938E+02
   0.37938E+02
   0.37938E+02
   0.37938E+02
   0.38095E+02
   0.38095E+02
   0.38095E+02
   0.38095E+02
   0.38095E+02
   0.38165E+02
   0.38165E+02
   0.38165E+02
   0.38165E+02
   0.38165E+02
   0.38152E+02
   0.38152E+02
   0.38152E+02
   0.38152E+02
   0.38152E+02
   0.38068E+02
   0.38068E+02
   0.38068E+02
   0.38068E+02
   0.38068E+02
   0.37929E+02
   0.37929E+02
   0.37929E+02
   0.37929E+02
   0.37929E+02
   0.37753E+02
   0.37753E+02
   0.37753E+02
   0.37753E+02
   0.37753E+02
   0.37558E+02
   0.37558E+02
   0.37558E+02
   0.37558E+02
   0.37558E+02
   0.37364E+02
   0.37364E+02
   0.37364E+02
   0.37364E+02
   0.37364E+02
   0.37192E+02
   0.37192E+02
   0.37192E+02
   0.37192E+02
   0.37192E+02
   0.37061E+02
   0.37061E+02
   0.37061E+02
   0.37061E+02
   0.37061E+02
   0.36991E+02
   0.36991E+02
   0.36991E+02
   0.36991E+02
   0.36991E+02
   0.36987E+02
   0.36987E+02
   0.36987E+02
   0.36987E+02
   0.36987E+02
   0.37049E+02
   0.37049E+02
   0.37049E+02
   0.37049E+02
   0.37049E+02
   0.37162E+02
   0.37162E+02
   0.37162E+02
   0.37162E+02
   0.37162E+02
   0.37305E+02
   0.37305E+02
   0.37305E+02
   0.37305E+02
   0.37305E+02
   0.37456E+02
   0.37456E+02
   0.37456E+02
   0.37456E+02
   0.37456E+02
   0.37592E+02
   0.37592E+02
   0.37592E+02
   0.37592E+02
   0.37592E+02
   0.37698E+02
   0.37698E+02
   0.37698E+02
   0.37698E+02
   0.37698E+02
   0.37765E+02
   0.37765E+02
   0.37765E+02
   0.37765E+02
   0.37765E+02
   0.37789E+02
   0.37789E+02
   0.37789E+02
   0.37789E+02
   0.37789E+02
   0.37774E+02
   0.37774E+02
   0.37774E+02
   0.37774E+02
   0.37774E+02
   0.37726E+02
   0.37726E+02
   0.37726E+02
   0.37726E+02
   0.37726E+02
   0.37653E+02
   0.37653E+02
   0.37653E+02
   0.37653E+02
   0.37653E+02
   0.37567E+02
   0.37567E+02
   0.37567E+02
   0.37567E+02
   0.37567E+02
   0.37478E+02
   0.37478E+02
   0.37478E+02
   0.37478E+02
   0.37478E+02
   0.37397E+02
   0.37397E+02
   0.37397E+02
   0.37397E+02
   0.37397E+02
   0.37332E+02
   0.37332E+02
   0.37332E+02
   0.37332E+02
   0.37332E+02
   0.37292E+02
   0.37292E+02
   0.37292E+02
   0.37292E+02
   0.37292E+02
   0.37279E+02
   0.37279E+02
   0.37279E+02
   0.37279E+02
   0.37279E+02
   0.37293E+02
   0.37293E+02
   0.37293E+02
   0.37293E+02
   0.37293E+02
   0.37329E+02
   0.37329E+02
   0.37329E+02
   0.37329E+02
   0.37329E+02
   0.37380E+02
   0.37380E+02
   0.37380E+02
   0.37380E+02
   0.37380E+02
   0.37437E+02
   0.37437E+02
   0.37437E+02
   0.37437E+02
   0.37437E+02
   0.37491E+02
   0.37491E+02
   0.37491E+02
   0.37491E+02
   0.37491E+02
   0.37537E+02
   0.37537E+02
   0.37537E+02
   0.37537E+02
   0.37537E+02
   0.37568E+02
   0.37568E+02
   0.37568E+02
   0.37568E+02
   0.37568E+02
   0.37583E+02
   0.37583E+02
   0.37583E+02
   0.37583E+02
   0.37583E+02
   0.37582E+02
   0.37582E+02
   0.37582E+02
   0.37582E+02
   0.37582E+02
   0.37568E+02
   0.37568E+02
   0.37568E+02
   0.37568E+02
   0.37568E+02
   0.37544E+02
   0.37544E+02
   0.37544E+02
   0.37544E+02
   0.37544E+02
   0.37513E+02
   0.37513E+02
   0.37513E+02
   0.37513E+02
   0.37513E+02
   0.37481E+02
   0.37481E+02
   0.37481E+02
   0.37481E+02
   0.37481E+02
   0.37451E+02
   0.37451E+02
   0.37451E+02
   0.37451E+02
   0.37451E+02
   0.37427E+02
   0.37427E+02
   0.37427E+02
   0.37427E+02
   0.37427E+02
   0.37410E+02
   0.37410E+02
   0.37410E+02
   0.37410E+02
   0.37410E+02
   0.37403E+02
   0.37403E+02
   0.37403E+02
   0.37403E+02
   0.37403E+02
   0.37404E+02
   0.37404E+02
   0.37404E+02
   0.37404E+02
   0.37404E+02
   0.37413E+02
   0.37413E+02
   0.37413E+02
   0.37413E+02
   0.37413E+02
   0.37426E+02
   0.37426E+02
   0.37426E+02
   0.37426E+02
   0.37426E+02
   0.37443E+02
   0.37443E+02
   0.37443E+02
   0.37443E+02
   0.37443E+02
   0.37459E+02
   0.37459E+02
   0.37459E+02
   0.37459E+02
   0.37459E+02
   0.37472E+02
   0.37472E+02
   0.37472E+02
   0.37472E+02
   0.37472E+02
   0.37482E+02
   0.37482E+02
   0.37482E+02
   0.37482E+02
   0.37482E+02
   0.37487E+02
   0.37487E+02
   0.37487E+02
   0.37487E+02
   0.37487E+02
   0.37488E+02
   0.37488E+02
   0.37488E+02
   0.37488E+02
   0.37488E+02
   0.37484E+02
   0.37484E+02
   0.37484E+02
   0.37484E+02
   0.37484E+02
   0.37476E+02
   0.37476E+02
   0.37476E+02
   0.37476E+02
   0.37476E+02
   0.37467E+02
   0.37467E+02
   0.37467E+02
   0.37467E+02
   0.37467E+02
   0.37457E+02
   0.37457E+02
   0.37457E+02
   0.37457E+02
   0.37457E+02
   0.37448E+02
   0.37448E+02
   0.37448E+02
   0.37448E+02
   0.37448E+02
   0.37441E+02
   0.37441E+02
   0.37441E+02
   0.37441E+02
   0.37441E+02
   0.37436E+02
   0.37436E+02
   0.37436E+02
   0.37436E+02
   0.37436E+02
   0.37435E+02
   0.37435E+02
   0.37435E+02
   0.37435E+02
   0.37435E+02
   0.37437E+02
   0.37437E+02
   0.37437E+02
   0.37437E+02
   0.37437E+02
   0.37441E+02
   0.37441E+02
   0.37441E+02
   0.37441E+02
   0.37441E+02
   0.37446E+02
   0.37446E+02
   0.37446E+02
   0.37446E+02
   0.37446E+02
   0.37453E+02
   0.37453E+02
   0.37453E+02
   0.37453E+02
   0.37453E+02
   0.37459E+02
   0.37459E+02
   0.37459E+02
   0.37459E+02
   0.37459E+02
   0.37464E+02
   0.37464E+02
   0.37464E+02
   0.37464E+02
   0.37464E+02
   0.37468E+02
   0.37468E+02
   0.37468E+02
   0.37468E+02
   0.37468E+02
   0.37469E+02
   0.37469E+02
   0.37469E+02
   0.37469E+02
   0.37469E+02
   0.37469E+02
   0.37469E+02
   0.37469E+02
   0.37469E+02
   0.37469E+02
   0.37467E+02
   0.37467E+02
   0.37467E+02
   0.37467E+02
   0.37467E+02
   0.37464E+02
   0.37464E+02
   0.37464E+02
   0.37464E+02
   0.37464E+02
   0.37461E+02
   0.37461E+02
   0.37461E+02
   0.37461E+02
   0.37461E+02
   0.37464E+02
   0.37464E+02
   0.37464E+02
   0.37464E+02
   0.37464E+02
   0.37466E+02
   0.37466E+02
   0.37466E+02
   0.37466E+02
   0.37466E+02
   0.37453E+02
   0.37453E+02
   0.37453E+02
   0.37453E+02
   0.37453E+02
   0.37442E+02
   0.37442E+02
   0.37442E+02
   0.37442E+02
   0.37442E+02
   0.37437E+02
   0.37437E+02
   0.37437E+02
   0.37437E+02
   0.37437E+02
   0.37438E+02
   0.37438E+02
   0.37438E+02
   0.37438E+02
   0.37438E+02
   0.37442E+02
   0.37442E+02
   0.37442E+02
   0.37442E+02
   0.37442E+02
   0.37446E+02
   0.37446E+02
   0.37446E+02
   0.37446E+02
   0.37446E+02
   0.37450E+02
   0.37450E+02
   0.37450E+02
   0.37450E+02
   0.37450E+02
   0.37454E+02
   0.37454E+02
   0.37454E+02
   0.37454E+02
   0.37454E+02
   0.37457E+02
   0.37457E+02
   0.37457E+02
   0.37457E+02
   0.37457E+02
   0.37460E+02
   0.37460E+02
   0.37460E+02
   0.37460E+02
   0.37460E+02
   0.37461E+02
   0.37461E+02
   0.37461E+02
   0.37461E+02
   0.37461E+02
   0.37461E+02
   0.37461E+02
   0.37461E+02
   0.37461E+02
   0.37461E+02
   0.37461E+02
   0.37461E+02
   0.37461E+02
   0.37461E+02
   0.37461E+02
   0.37460E+02
   0.37460E+02
   0.37460E+02
   0.37460E+02
   0.37460E+02
   0.37459E+02
   0.37459E+02
   0.37459E+02
   0.37459E+02
   0.37459E+02
   0.37457E+02
   0.37457E+02
   0.37457E+02
   0.37457E+02
   0.37457E+02
   0.37455E+02
   0.37455E+02
   0.37455E+02
   0.37455E+02
   0.37455E+02
   0.37454E+02
   0.37454E+02
   0.37454E+02
   0.37454E+02
   0.37454E+02
   0.37453E+02
   0.37453E+02
   0.37453E+02
   0.37453E+02
   0.37453E+02
   0.37452E+02
   0.37452E+02
   0.37452E+02
   0.37452E+02
   0.37452E+02
   0.37452E+02
   0.37452E+02
   0.37452E+02
   0.37452E+02
   0.37452E+02
   0.37452E+02
   0.37452E+02
   0.37452E+02
   0.37452E+02
   0.37452E+02
   0.37453E+02
   0.37453E+02
   0.37453E+02
   0.37453E+02
   0.37453E+02
   0.37453E+02
   0.37453E+02
   0.37453E+02
   0.37453E+02
   0.37453E+02
   0.37454E+02
   0.37454E+02
   0.37454E+02
   0.37454E+02
   0.37454E+02
   0.37455E+02
   0.37455E+02
   0.37455E+02
   0.37455E+02
   0.37455E+02
   0.37456E+02
   0.37456E+02
   0.37456E+02
   0.37456E+02
   0.37456E+02
   0.37457E+02
   0.37457E+02
   0.37457E+02
   0.37457E+02
   0.37457E+02
   0.37457E+02
   0.37457E+02
   0.37457E+02
   0.37457E+02
   0.37457E+02
   0.37457E+02
   0.37457E+02
   0.37457E+02
   0.37457E+02
   0.37457E+02
   0.37456E+02
   0.37456E+02
   0.37456E+02
   0.37456E+02
   0.37456E+02
   0.37456E+02
   0.37456E+02
   0.37456E+02
   0.37456E+02
   0.37456E+02
   0.37455E+02
   0.37455E+02
   0.37455E+02
   0.37455E+02
   0.37455E+02
   0.37454E+02
   0.37454E+02
   0.37454E+02
   0.37454E+02
   0.37454E+02
   0.37454E+02
   0.37454E+02
   0.37454E+02
   0.37454E+02
   0.37454E+02
   0.37454E+02
   0.37454E+02
   0.37454E+02
   0.37454E+02
   0.37454E+02
   0.37453E+02
   0.37453E+02
   0.37453E+02
   0.37453E+02
   0.37453E+02
   0.37453E+02
   0.37453E+02
   0.37453E+02
   0.37453E+02
   0.37453E+02
   0.37453E+02
   0.37453E+02
   0.37453E+02
   0.37453E+02
   0.37453E+02
   0.37454E+02
   0.37454E+02
   0.37454E+02
   0.37454E+02
   0.37454E+02
   0.37454E+02
   0.37454E+02
   0.37454E+02
   0.37454E+02
   0.37454E+02
   0.37454E+02
   0.37454E+02
   0.37454E+02
   0.37454E+02
   0.37454E+02
   0.37455E+02
   0.37455E+02
   0.37455E+02
   0.37455E+02
   0.37455E+02
   0.37455E+02
   0.37455E+02
   0.37455E+02
   0.37455E+02
   0.37455E+02
   0.37455E+02
   0.37455E+02
   0.37455E+02
   0.37455E+02
   0.37455E+02
   0.37456E+02
   0.37456E+02
   0.37456E+02
   0.37456E+02
   0.37456E+02
   0.37456E+02
   0.37456E+02
   0.37456E+02
   0.37456E+02
   0.37456E+02
   0.37455E+02
   0.37455E+02
   0.37455E+02
   0.37455E+02
   0.37455E+02
   0.37455E+02
   0.37455E+02
   0.37455E+02
   0.37455E+02
   0.37455E+02
   0.37455E+02
   0.37455E+02
   0.37455E+02
   0.37455E+02
   0.37455E+02
   0.37455E+02
   0.37455E+02
   0.37455E+02
   0.37455E+02
   0.37455E+02
   0.37455E+02
   0.37455E+02
   0.37455E+02
   0.37455E+02
   0.37455E+02
   0.37454E+02
   0.37454E+02
   0.37454E+02
   0.37454E+02
   0.37454E+02
   0.37454E+02
   0.37454E+02
   0.37454E+02
   0.37454E+02
   0.37454E+02
   0.37454E+02
   0.37454E+02
   0.37454E+02
   0.37454E+02
   0.37454E+02
   0.37454E+02
   0.37454E+02
   0.37454E+02
   0.37454E+02
   0.37454E+02
   0.37454E+02
   0.37454E+02
   0.37454E+02
   0.37454E+02
   0.37454E+02
   0.37454E+02
   0.37454E+02
   0.37454E+02
   0.37454E+02
   0.37454E+02
   0.37455E+02
   0.37455E+02
   0.37455E+02
   0.37455E+02
   0.37455E+02
   0.37455E+02
   0.37455E+02
   0.37455E+02
   0.37455E+02
   0.37455E+02
   0.37455E+02
   0.37455E+02
   0.37455E+02
   0.37455E+02
   0.37455E+02
   0.37455E+02
   0.37455E+02
   0.37455E+02
   0.37455E+02
   0.37455E+02
   0.37455E+02
   0.37455E+02
   0.37455E+02
   0.37455E+02
   0.37455E+02
   0.37455E+02
   0.37455E+02
   0.37455E+02
   0.37455E+02
   0.37455E+02
   0.37455E+02
   0.37455E+02
   0.37455E+02
   0.37455E+02
   0.37455E+02
   0.37455E+02
   0.37455E+02
   0.37455E+02
   0.37455E+02
   0.37455E+02
   0.37455E+02
   0.37455E+02
   0.37455E+02
   0.37455E+02
   0.37455E+02
   0.37455E+02
   0.37455E+02
   0.37455E+02
   0.37455E+02
   0.37455E+02
   0.37455E+02
   0.37455E+02
   0.37455E+02
   0.37455E+02
   0.37455E+02
   0.37455E+02
   0.37455E+02
   0.37455E+02
   0.37455E+02
   0.37455E+02
   0.37455E+02
   0.37455E+02
   0.37455E+02
   0.37455E+02
   0.37455E+02
   0.37455E+02
   0.37455E+02
   0.37455E+02
   0.37455E+02
   0.37455E+02
   0.37455E+02
   0.37455E+02
   0.37455E+02
   0.37455E+02
   0.37455E+02
   0.37455E+02
   0.37455E+02
   0.37455E+02
   0.37455E+02
   0.37455E+02
   0.37455E+02
   0.37455E+02
   0.37455E+02
   0.37455E+02
   0.37455E+02
   0.37455E+02
   0.37455E+02
   0.37455E+02
   0.37455E+02
   0.37455E+02
   0.37455E+02
   0.37455E+02
   0.37455E+02
   0.37455E+02
   0.37455E+02
   0.37455E+02
   0.37455E+02
   0.37455E+02
   0.37455E+02
   0.37455E+02
   0.37455E+02
   0.37455E+02
   0.37455E+02
   0.37455E+02
   0.37455E+02
   0.37455E+02
   0.37455E+02
   0.37455E+02
   0.37455E+02
   0.37455E+02
   0.37455E+02
   0.37455E+02
   0.37455E+02
   0.37455E+02
   0.37455E+02
   0.37455E+02
   0.37455E+02
   0.37455E+02
   0.37455E+02
   0.37455E+02
   0.37455E+02
   0.37455E+02
   0.37455E+02
   0.37455E+02
   0.37455E+02
   0.37455E+02
   0.37455E+02
   0.37455E+02
   0.37455E+02
   0.37455E+02
   0.37455E+02
   0.37455E+02
   0.37455E+02
   0.37455E+02
   0.37455E+02
   0.37455E+02
   0.37455E+02
   0.37455E+02
   0.37455E+02
   0.37455E+02
   0.37455E+02
   0.37455E+02
   0.37455E+02
   0.37455E+02
   0.37455E+02
   0.37455E+02
   0.37455E+02
   0.37455E+02
   0.37455E+02
   0.37455E+02
   0.37455E+02
   0.37455E+02
   0.37455E+02
   0.37455E+02
   0.37455E+02
   0.37455E+02
   0.37455E+02
   0.37455E+02
   0.37455E+02
   0.37455E+02
   0.37455E+02
   0.37455E+02
   0.37455E+02
   0.37455E+02
   0.37455E+02
   0.37455E+02
   0.37455E+02
   0.37455E+02
   0.37455E+02
   0.37455E+02
   0.37455E+02
   0.37455E+02
   0.37455E+02
   0.37455E+02
   0.37455E+02
   0.37455E+02
   0.37455E+02
   0.37455E+02
   0.37455E+02
   0.37455E+02
   0.37455E+02
   0.37455E+02
   0.37455E+02
   0.37455E+02
   0.37455E+02
   0.37455E+02
   0.37455E+02
   0.37455E+02
   0.37455E+02
   0.37455E+02
   0.37455E+02
   0.37455E+02
   0.37455E+02
   0.37455E+02
   0.37455E+02
   0.37455E+02
   0.37455E+02
   0.37455E+02
   0.37455E+02
   0.37455E+02
   0.37455E+02
   0.37455E+02
   0.37455E+02
   0.37455E+02
   0.37455E+02
   0.37455E+02
   0.37455E+02
   0.37455E+02
   0.37455E+02
   0.37455E+02
   0.37455E+02
   0.37455E+02
   0.37455E+02
   0.37455E+02
   0.37455E+02
   0.37455E+02
   0.37455E+02
   0.37455E+02
   0.37455E+02
   0.37455E+02
   0.37455E+02
   0.37455E+02
   0.37455E+02
   0.37455E+02
   0.37455E+02
   0.37455E+02
   0.37455E+02
   0.37455E+02
   0.37455E+02
   0.37455E+02
   0.37455E+02
   0.37455E+02
   0.37455E+02
   0.37455E+02
   0.37455E+02
   0.37455E+02
   0.37455E+02
   0.37455E+02
   0.37455E+02
   0.37455E+02
   0.37455E+02
   0.37455E+02
   0.37455E+02
   0.37455E+02
   0.37455E+02
   0.37455E+02
