   0.63982E+02    0.54770E+02    0.24998E+02    0.66651E+02
   0.63982E+02    0.54770E+02    0.24998E+02    0.68515E+02
   0.63982E+02    0.54770E+02    0.25002E+02    0.70124E+02
   0.63982E+02    0.54770E+02    0.25002E+02    0.71115E+02
   0.66755E+02    0.56673E+02    0.40039E+02    0.71320E+02
   0.66755E+02    0.56673E+02    0.40039E+02    0.71068E+02
   0.67527E+02    0.57409E+02    0.36168E+02    0.70671E+02
   0.67527E+02    0.57409E+02    0.36168E+02    0.70374E+02
   0.68656E+02    0.57640E+02    0.34732E+02    0.70154E+02
   0.68656E+02    0.57640E+02    0.34732E+02    0.69963E+02
   0.68982E+02    0.58300E+02    0.34061E+02    0.69714E+02
   0.68982E+02    0.58300E+02    0.34061E+02    0.69379E+02
   0.69103E+02    0.59148E+02    0.32202E+02    0.68956E+02
   0.69103E+02    0.59148E+02    0.32202E+02    0.68472E+02
   0.69022E+02    0.59833E+02    0.29487E+02    0.67950E+02
   0.69022E+02    0.59833E+02    0.29487E+02    0.67406E+02
   0.69126E+02    0.60357E+02    0.27452E+02    0.66835E+02
   0.69126E+02    0.60357E+02    0.27452E+02    0.66239E+02
   0.69299E+02    0.60808E+02    0.26180E+02    0.65610E+02
   0.69299E+02    0.60808E+02    0.26180E+02    0.64952E+02
   0.69490E+02    0.61176E+02    0.25393E+02    0.64263E+02
   0.69490E+02    0.61176E+02    0.25393E+02    0.63555E+02
   0.69608E+02    0.61439E+02    0.25173E+02    0.62832E+02
   0.69608E+02    0.61439E+02    0.25173E+02    0.62100E+02
   0.69649E+02    0.61593E+02    0.25640E+02    0.61366E+02
   0.69649E+02    0.61593E+02    0.25640E+02    0.60631E+02
   0.69612E+02    0.61635E+02    0.26826E+02    0.59902E+02
   0.69612E+02    0.61635E+02    0.26826E+02    0.59181E+02
   0.69519E+02    0.61552E+02    0.28711E+02    0.58478E+02
   0.69519E+02    0.61552E+02    0.28711E+02    0.57792E+02
   0.69382E+02    0.61335E+02    0.31306E+02    0.57133E+02
   0.69382E+02    0.61335E+02    0.31306E+02    0.56500E+02
   0.69209E+02    0.60982E+02    0.34596E+02    0.55903E+02
   0.69209E+02    0.60982E+02    0.34596E+02    0.55338E+02
   0.68999E+02    0.60491E+02    0.38532E+02    0.54819E+02
   0.68999E+02    0.60491E+02    0.38532E+02    0.54338E+02
   0.68752E+02    0.59867E+02    0.43040E+02    0.53909E+02
   0.68752E+02    0.59867E+02    0.43040E+02    0.53522E+02
   0.68470E+02    0.59116E+02    0.48015E+02    0.53191E+02
   0.68470E+02    0.59116E+02    0.48015E+02    0.52905E+02
   0.68160E+02    0.58251E+02    0.53315E+02    0.52680E+02
   0.68160E+02    0.58251E+02    0.53315E+02    0.52501E+02
   0.67832E+02    0.57288E+02    0.58773E+02    0.52383E+02
   0.67832E+02    0.57288E+02    0.58773E+02    0.52308E+02
   0.67499E+02    0.56250E+02    0.64190E+02    0.52294E+02
   0.67499E+02    0.56250E+02    0.64190E+02    0.52324E+02
   0.67173E+02    0.55162E+02    0.69353E+02    0.52412E+02
   0.67173E+02    0.55162E+02    0.69353E+02    0.52539E+02
   0.66869E+02    0.54054E+02    0.74059E+02    0.52718E+02
   0.66869E+02    0.54054E+02    0.74059E+02    0.52933E+02
   0.66597E+02    0.52955E+02    0.78100E+02    0.53198E+02
   0.66597E+02    0.52955E+02    0.78100E+02    0.53495E+02
   0.66370E+02    0.51894E+02    0.81316E+02    0.53833E+02
   0.66370E+02    0.51894E+02    0.81316E+02    0.54196E+02
   0.66194E+02    0.50899E+02    0.83574E+02    0.54597E+02
   0.66194E+02    0.50899E+02    0.83574E+02    0.55020E+02
   0.66073E+02    0.49992E+02    0.84784E+02    0.55473E+02
   0.66073E+02    0.49992E+02    0.84784E+02    0.55941E+02
   0.66009E+02    0.49192E+02    0.84919E+02    0.56432E+02
   0.66009E+02    0.49192E+02    0.84919E+02    0.56935E+02
   0.65998E+02    0.48511E+02    0.83970E+02    0.57456E+02
   0.65998E+02    0.48511E+02    0.83970E+02    0.57983E+02
   0.66040E+02    0.47958E+02    0.81987E+02    0.58521E+02
   0.66040E+02    0.47958E+02    0.81987E+02    0.59060E+02
   0.66127E+02    0.47538E+02    0.79042E+02    0.59603E+02
   0.66127E+02    0.47538E+02    0.79042E+02    0.60146E+02
   0.66254E+02    0.47249E+02    0.75225E+02    0.60690E+02
   0.66254E+02    0.47249E+02    0.75225E+02    0.61237E+02
   0.66416E+02    0.47090E+02    0.70655E+02    0.61786E+02
   0.66416E+02    0.47090E+02    0.70655E+02    0.62337E+02
   0.66607E+02    0.47053E+02    0.65446E+02    0.62883E+02
   0.66607E+02    0.47053E+02    0.65446E+02    0.63423E+02
   0.66818E+02    0.47132E+02    0.59695E+02    0.63952E+02
   0.66818E+02    0.47132E+02    0.59695E+02    0.64471E+02
   0.67045E+02    0.47316E+02    0.53508E+02    0.64976E+02
   0.67045E+02    0.47316E+02    0.53508E+02    0.65471E+02
   0.67290E+02    0.47598E+02    0.47041E+02    0.65947E+02
   0.67290E+02    0.47598E+02    0.47041E+02    0.66411E+02
   0.67549E+02    0.47972E+02    0.40416E+02    0.66853E+02
   0.67549E+02    0.47972E+02    0.40416E+02    0.67278E+02
   0.67816E+02    0.48426E+02    0.33736E+02    0.67681E+02
   0.67816E+02    0.48426E+02    0.33736E+02    0.68065E+02
   0.68084E+02    0.48948E+02    0.27107E+02    0.68422E+02
   0.68084E+02    0.48948E+02    0.27107E+02    0.68760E+02
   0.68349E+02    0.49526E+02    0.20640E+02    0.69069E+02
   0.68349E+02    0.49526E+02    0.20640E+02    0.69357E+02
   0.68608E+02    0.50147E+02    0.14431E+02    0.69613E+02
   0.68608E+02    0.50147E+02    0.14431E+02    0.69847E+02
   0.68859E+02    0.50795E+02    0.85726E+01    0.70048E+02
   0.68859E+02    0.50795E+02    0.85726E+01    0.70223E+02
   0.69100E+02    0.51458E+02    0.42854E+01    0.70365E+02
   0.69100E+02    0.51458E+02    0.42854E+01    0.70479E+02
   0.69328E+02    0.52123E+02    0.21423E+01    0.70558E+02
   0.69328E+02    0.52123E+02    0.21423E+01    0.70606E+02
   0.69542E+02    0.52777E+02    0.10709E+01    0.70615E+02
   0.69542E+02    0.52777E+02    0.10709E+01    0.70592E+02
   0.69746E+02    0.53413E+02    0.53535E+00    0.70529E+02
   0.69746E+02    0.53413E+02    0.53535E+00    0.70434E+02
   0.69947E+02    0.54029E+02    0.26762E+00    0.70298E+02
   0.69947E+02    0.54029E+02    0.26762E+00    0.70129E+02
   0.70140E+02    0.54618E+02    0.13378E+00    0.69920E+02
   0.70140E+02    0.54618E+02    0.13378E+00    0.69679E+02
   0.70316E+02    0.55172E+02    0.66877E-01    0.69403E+02
   0.70316E+02    0.55172E+02    0.66877E-01    0.69096E+02
   0.70466E+02    0.55683E+02    0.33432E-01    0.68755E+02
   0.70466E+02    0.55683E+02    0.33432E-01    0.68386E+02
   0.70585E+02    0.56141E+02    0.16712E-01    0.67987E+02
   0.70585E+02    0.56141E+02    0.16712E-01    0.67565E+02
   0.70669E+02    0.56538E+02    0.83544E-02    0.67119E+02
   0.70669E+02    0.56538E+02    0.83544E-02    0.66655E+02
   0.70718E+02    0.56864E+02    0.41764E-02    0.66172E+02
   0.70718E+02    0.56864E+02    0.41764E-02    0.65675E+02
   0.70732E+02    0.57112E+02    0.20877E-02    0.65166E+02
   0.70732E+02    0.57112E+02    0.20877E-02    0.64650E+02
   0.70707E+02    0.57274E+02    0.10437E-02    0.64130E+02
   0.70707E+02    0.57274E+02    0.10437E-02    0.63608E+02
   0.70645E+02    0.57345E+02    0.29207E+00    0.63089E+02
   0.70645E+02    0.57345E+02    0.29207E+00    0.62576E+02
   0.70543E+02    0.57319E+02    0.12670E+01    0.62073E+02
   0.70543E+02    0.57319E+02    0.12670E+01    0.61581E+02
   0.70402E+02    0.57192E+02    0.29776E+01    0.61108E+02
   0.70402E+02    0.57192E+02    0.29776E+01    0.60650E+02
   0.70224E+02    0.56962E+02    0.54238E+01    0.60216E+02
   0.70224E+02    0.56962E+02    0.54238E+01    0.59804E+02
   0.70014E+02    0.56631E+02    0.85492E+01    0.59421E+02
   0.70014E+02    0.56631E+02    0.85492E+01    0.59063E+02
   0.69780E+02    0.56205E+02    0.12277E+02    0.58739E+02
   0.69780E+02    0.56205E+02    0.12277E+02    0.58443E+02
   0.69528E+02    0.55692E+02    0.16500E+02    0.58183E+02
   0.69528E+02    0.55692E+02    0.16500E+02    0.57953E+02
   0.69264E+02    0.55103E+02    0.21090E+02    0.57762E+02
   0.69264E+02    0.55103E+02    0.21090E+02    0.57601E+02
   0.68995E+02    0.54455E+02    0.25903E+02    0.57479E+02
   0.68995E+02    0.54455E+02    0.25903E+02    0.57386E+02
   0.68731E+02    0.53762E+02    0.30778E+02    0.57332E+02
   0.68731E+02    0.53762E+02    0.30778E+02    0.57308E+02
   0.68478E+02    0.53045E+02    0.35555E+02    0.57320E+02
   0.68478E+02    0.53045E+02    0.35555E+02    0.57359E+02
   0.68247E+02    0.52323E+02    0.40079E+02    0.57431E+02
   0.68247E+02    0.52323E+02    0.40079E+02    0.57529E+02
   0.68043E+02    0.51614E+02    0.44202E+02    0.57658E+02
   0.68043E+02    0.51614E+02    0.44202E+02    0.57810E+02
   0.67874E+02    0.50937E+02    0.47808E+02    0.57988E+02
   0.67874E+02    0.50937E+02    0.47808E+02    0.58185E+02
   0.67743E+02    0.50308E+02    0.50797E+02    0.58406E+02
   0.67743E+02    0.50308E+02    0.50797E+02    0.58644E+02
   0.67652E+02    0.49741E+02    0.53102E+02    0.58901E+02
   0.67652E+02    0.49741E+02    0.53102E+02    0.59171E+02
   0.67601E+02    0.49248E+02    0.54691E+02    0.59457E+02
   0.67601E+02    0.49248E+02    0.54691E+02    0.59752E+02
   0.67586E+02    0.48836E+02    0.55545E+02    0.60060E+02
   0.67586E+02    0.48836E+02    0.55545E+02    0.60376E+02
   0.67607E+02    0.48510E+02    0.55682E+02    0.60698E+02
   0.67607E+02    0.48510E+02    0.55682E+02    0.61025E+02
   0.67658E+02    0.48273E+02    0.55135E+02    0.61356E+02
   0.67658E+02    0.48273E+02    0.55135E+02    0.61690E+02
   0.67736E+02    0.48126E+02    0.53946E+02    0.62024E+02
   0.67736E+02    0.48126E+02    0.53946E+02    0.62357E+02
   0.67837E+02    0.48067E+02    0.52185E+02    0.62688E+02
   0.67837E+02    0.48067E+02    0.52185E+02    0.63015E+02
   0.67958E+02    0.48091E+02    0.49914E+02    0.63337E+02
   0.67958E+02    0.48091E+02    0.49914E+02    0.63654E+02
   0.68094E+02    0.48194E+02    0.47212E+02    0.63963E+02
   0.68094E+02    0.48194E+02    0.47212E+02    0.64264E+02
   0.68242E+02    0.48369E+02    0.44160E+02    0.64553E+02
   0.68242E+02    0.48369E+02    0.44160E+02    0.64834E+02
   0.68400E+02    0.48609E+02    0.40836E+02    0.65101E+02
   0.68400E+02    0.48609E+02    0.40836E+02    0.65358E+02
   0.68563E+02    0.48905E+02    0.37324E+02    0.65598E+02
   0.68563E+02    0.48905E+02    0.37324E+02    0.65827E+02
   0.68729E+02    0.49248E+02    0.33705E+02    0.66037E+02
   0.68729E+02    0.49248E+02    0.33705E+02    0.66234E+02
   0.68895E+02    0.49629E+02    0.30054E+02    0.66412E+02
   0.68895E+02    0.49629E+02    0.30054E+02    0.66575E+02
   0.69059E+02    0.50039E+02    0.26446E+02    0.66718E+02
   0.69059E+02    0.50039E+02    0.26446E+02    0.66844E+02
   0.69219E+02    0.50467E+02    0.22950E+02    0.66949E+02
   0.69219E+02    0.50467E+02    0.22950E+02    0.67038E+02
   0.69371E+02    0.50905E+02    0.19624E+02    0.67106E+02
   0.69371E+02    0.50905E+02    0.19624E+02    0.67157E+02
   0.69515E+02    0.51344E+02    0.16530E+02    0.67184E+02
   0.69515E+02    0.51344E+02    0.16530E+02    0.67195E+02
   0.69648E+02    0.51776E+02    0.13711E+02    0.67184E+02
   0.69648E+02    0.51776E+02    0.13711E+02    0.67158E+02
   0.69769E+02    0.52193E+02    0.11211E+02    0.67109E+02
   0.69769E+02    0.52193E+02    0.11211E+02    0.67044E+02
   0.69876E+02    0.52588E+02    0.90662E+01    0.66958E+02
   0.69876E+02    0.52588E+02    0.90662E+01    0.66857E+02
   0.69968E+02    0.52955E+02    0.72976E+01    0.66738E+02
   0.69968E+02    0.52955E+02    0.72976E+01    0.66605E+02
   0.70044E+02    0.53288E+02    0.59337E+01    0.66453E+02
   0.70044E+02    0.53288E+02    0.59337E+01    0.66289E+02
   0.70102E+02    0.53584E+02    0.49829E+01    0.66110E+02
   0.70102E+02    0.53584E+02    0.49829E+01    0.65921E+02
   0.70144E+02    0.53837E+02    0.44546E+01    0.65719E+02
   0.70144E+02    0.53837E+02    0.44546E+01    0.65507E+02
   0.70167E+02    0.54046E+02    0.43540E+01    0.65286E+02
   0.70167E+02    0.54046E+02    0.43540E+01    0.65058E+02
   0.70173E+02    0.54208E+02    0.46710E+01    0.64823E+02
   0.70173E+02    0.54208E+02    0.46710E+01    0.64583E+02
   0.70161E+02    0.54321E+02    0.54013E+01    0.64340E+02
   0.70161E+02    0.54321E+02    0.54013E+01    0.64094E+02
   0.70131E+02    0.54385E+02    0.65248E+01    0.63847E+02
   0.70131E+02    0.54385E+02    0.65248E+01    0.63601E+02
   0.70085E+02    0.54399E+02    0.80189E+01    0.63357E+02
   0.70085E+02    0.54399E+02    0.80189E+01    0.63115E+02
   0.70024E+02    0.54364E+02    0.98562E+01    0.62878E+02
   0.70024E+02    0.54364E+02    0.98562E+01    0.62646E+02
   0.69949E+02    0.54282E+02    0.11997E+02    0.62422E+02
   0.69949E+02    0.54282E+02    0.11997E+02    0.62205E+02
   0.69862E+02    0.54156E+02    0.14402E+02    0.61997E+02
   0.69862E+02    0.54156E+02    0.14402E+02    0.61799E+02
   0.69765E+02    0.53988E+02    0.17021E+02    0.61612E+02
   0.69765E+02    0.53988E+02    0.17021E+02    0.61436E+02
   0.69661E+02    0.53784E+02    0.19801E+02    0.61273E+02
   0.69661E+02    0.53784E+02    0.19801E+02    0.61122E+02
   0.69553E+02    0.53548E+02    0.22683E+02    0.60986E+02
   0.69553E+02    0.53548E+02    0.22683E+02    0.60863E+02
   0.69443E+02    0.53285E+02    0.25607E+02    0.60755E+02
   0.69443E+02    0.53285E+02    0.25607E+02    0.60660E+02
   0.69333E+02    0.53004E+02    0.28510E+02    0.60582E+02
   0.69333E+02    0.53004E+02    0.28510E+02    0.60517E+02
   0.69228E+02    0.52709E+02    0.31334E+02    0.60469E+02
   0.69228E+02    0.52709E+02    0.31334E+02    0.60433E+02
   0.69129E+02    0.52408E+02    0.34018E+02    0.60414E+02
   0.69129E+02    0.52408E+02    0.34018E+02    0.60408E+02
   0.69039E+02    0.52109E+02    0.36508E+02    0.60418E+02
   0.69039E+02    0.52109E+02    0.36508E+02    0.60439E+02
   0.68960E+02    0.51817E+02    0.38758E+02    0.60475E+02
   0.68960E+02    0.51817E+02    0.38758E+02    0.60522E+02
   0.68893E+02    0.51540E+02    0.40724E+02    0.60583E+02
   0.68893E+02    0.51540E+02    0.40724E+02    0.60655E+02
   0.68840E+02    0.51283E+02    0.42377E+02    0.60738E+02
   0.68840E+02    0.51283E+02    0.42377E+02    0.60830E+02
   0.68801E+02    0.51052E+02    0.43691E+02    0.60932E+02
   0.68801E+02    0.51052E+02    0.43691E+02    0.61043E+02
   0.68777E+02    0.50850E+02    0.44651E+02    0.61163E+02
   0.68777E+02    0.50850E+02    0.44651E+02    0.61289E+02
   0.68768E+02    0.50681E+02    0.45254E+02    0.61422E+02
   0.68768E+02    0.50681E+02    0.45254E+02    0.61559E+02
   0.68772E+02    0.50548E+02    0.45498E+02    0.61703E+02
   0.68772E+02    0.50548E+02    0.45498E+02    0.61850E+02
   0.68790E+02    0.50452E+02    0.45399E+02    0.62000E+02
   0.68790E+02    0.50452E+02    0.45399E+02    0.62152E+02
   0.68819E+02    0.50394E+02    0.44972E+02    0.62305E+02
   0.68819E+02    0.50394E+02    0.44972E+02    0.62460E+02
   0.68860E+02    0.50373E+02    0.44239E+02    0.62614E+02
   0.68860E+02    0.50373E+02    0.44239E+02    0.62768E+02
   0.68910E+02    0.50389E+02    0.43234E+02    0.62920E+02
   0.68910E+02    0.50389E+02    0.43234E+02    0.63070E+02
   0.68968E+02    0.50439E+02    0.41986E+02    0.63217E+02
   0.68968E+02    0.50439E+02    0.41986E+02    0.63360E+02
   0.69033E+02    0.50520E+02    0.40533E+02    0.63499E+02
   0.69033E+02    0.50520E+02    0.40533E+02    0.63634E+02
   0.69103E+02    0.50631E+02    0.38916E+02    0.63763E+02
   0.69103E+02    0.50631E+02    0.38916E+02    0.63886E+02
   0.69177E+02    0.50767E+02    0.37170E+02    0.64003E+02
   0.69177E+02    0.50767E+02    0.37170E+02    0.64114E+02
   0.69252E+02    0.50924E+02    0.35339E+02    0.64216E+02
   0.69252E+02    0.50924E+02    0.35339E+02    0.64313E+02
   0.69329E+02    0.51099E+02    0.33462E+02    0.64400E+02
   0.69329E+02    0.51099E+02    0.33462E+02    0.64480E+02
   0.69404E+02    0.51287E+02    0.31576E+02    0.64551E+02
   0.69404E+02    0.51287E+02    0.31576E+02    0.64615E+02
   0.69477E+02    0.51484E+02    0.29719E+02    0.64669E+02
   0.69477E+02    0.51484E+02    0.29719E+02    0.64715E+02
   0.69547E+02    0.51686E+02    0.27924E+02    0.64751E+02
   0.69547E+02    0.51686E+02    0.27924E+02    0.64780E+02
   0.69613E+02    0.51889E+02    0.26221E+02    0.64799E+02
   0.69613E+02    0.51889E+02    0.26221E+02    0.64811E+02
   0.69674E+02    0.52088E+02    0.24640E+02    0.64813E+02
   0.69674E+02    0.52088E+02    0.24640E+02    0.64807E+02
   0.69728E+02    0.52280E+02    0.23204E+02    0.64792E+02
   0.69728E+02    0.52280E+02    0.23204E+02    0.64771E+02
   0.69776E+02    0.52463E+02    0.21934E+02    0.64741E+02
   0.69776E+02    0.52463E+02    0.21934E+02    0.64705E+02
   0.69816E+02    0.52632E+02    0.20848E+02    0.64660E+02
   0.69816E+02    0.52632E+02    0.20848E+02    0.64610E+02
   0.69848E+02    0.52786E+02    0.19954E+02    0.64553E+02
   0.69848E+02    0.52786E+02    0.19954E+02    0.64491E+02
   0.69873E+02    0.52921E+02    0.19267E+02    0.64423E+02
   0.69873E+02    0.52921E+02    0.19267E+02    0.64351E+02
   0.69889E+02    0.53037E+02    0.18788E+02    0.64274E+02
   0.69889E+02    0.53037E+02    0.18788E+02    0.64194E+02
   0.69897E+02    0.53133E+02    0.18518E+02    0.64110E+02
   0.69897E+02    0.53133E+02    0.18518E+02    0.64023E+02
   0.69897E+02    0.53206E+02    0.18456E+02    0.63934E+02
   0.69897E+02    0.53206E+02    0.18456E+02    0.63844E+02
   0.69890E+02    0.53257E+02    0.18593E+02    0.63753E+02
   0.69890E+02    0.53257E+02    0.18593E+02    0.63661E+02
   0.69875E+02    0.53285E+02    0.18921E+02    0.63569E+02
   0.69875E+02    0.53285E+02    0.18921E+02    0.63477E+02
   0.69853E+02    0.53292E+02    0.19425E+02    0.63386E+02
   0.69853E+02    0.53292E+02    0.19425E+02    0.63297E+02
   0.69826E+02    0.53277E+02    0.20090E+02    0.63210E+02
   0.69826E+02    0.53277E+02    0.20090E+02    0.63125E+02
   0.69793E+02    0.53243E+02    0.20895E+02    0.63043E+02
   0.69793E+02    0.53243E+02    0.20895E+02    0.62964E+02
   0.69757E+02    0.53190E+02    0.21820E+02    0.62888E+02
   0.69757E+02    0.53190E+02    0.21820E+02    0.62817E+02
   0.69717E+02    0.53121E+02    0.22841E+02    0.62750E+02
   0.69717E+02    0.53121E+02    0.22841E+02    0.62686E+02
   0.69675E+02    0.53037E+02    0.23933E+02    0.62628E+02
   0.69675E+02    0.53037E+02    0.23933E+02    0.62575E+02
   0.69632E+02    0.52941E+02    0.25072E+02    0.62527E+02
   0.69632E+02    0.52941E+02    0.25072E+02    0.62483E+02
   0.69589E+02    0.52837E+02    0.26231E+02    0.62446E+02
   0.69589E+02    0.52837E+02    0.26231E+02    0.62413E+02
   0.69547E+02    0.52725E+02    0.27387E+02    0.62386E+02
   0.69547E+02    0.52725E+02    0.27387E+02    0.62364E+02
   0.69507E+02    0.52610E+02    0.28513E+02    0.62348E+02
   0.69507E+02    0.52610E+02    0.28513E+02    0.62336E+02
   0.69470E+02    0.52493E+02    0.29589E+02    0.62331E+02
   0.69470E+02    0.52493E+02    0.29589E+02    0.62329E+02
   0.69436E+02    0.52378E+02    0.30594E+02    0.62333E+02
   0.69436E+02    0.52378E+02    0.30594E+02    0.62342E+02
   0.69406E+02    0.52267E+02    0.31510E+02    0.62356E+02
   0.69406E+02    0.52267E+02    0.31510E+02    0.62373E+02
   0.69382E+02    0.52163E+02    0.32323E+02    0.62395E+02
   0.69382E+02    0.52163E+02    0.32323E+02    0.62420E+02
   0.69362E+02    0.52066E+02    0.33020E+02    0.62449E+02
   0.69362E+02    0.52066E+02    0.33020E+02    0.62482E+02
   0.69347E+02    0.51979E+02    0.33593E+02    0.62518E+02
   0.69347E+02    0.51979E+02    0.33593E+02    0.62556E+02
   0.69337E+02    0.51904E+02    0.34038E+02    0.62597E+02
   0.69337E+02    0.51904E+02    0.34038E+02    0.62639E+02
   0.69333E+02    0.51841E+02    0.34349E+02    0.62685E+02
   0.69333E+02    0.51841E+02    0.34349E+02    0.62731E+02
   0.69333E+02    0.51791E+02    0.34532E+02    0.62778E+02
   0.69333E+02    0.51791E+02    0.34532E+02    0.62827E+02
   0.69338E+02    0.51755E+02    0.34586E+02    0.62876E+02
   0.69338E+02    0.51755E+02    0.34586E+02    0.62926E+02
   0.69347E+02    0.51732E+02    0.34520E+02    0.62976E+02
   0.69347E+02    0.51732E+02    0.34520E+02    0.63025E+02
   0.69360E+02    0.51722E+02    0.34343E+02    0.63074E+02
   0.69360E+02    0.51722E+02    0.34343E+02    0.63122E+02
   0.69376E+02    0.51724E+02    0.34063E+02    0.63170E+02
   0.69376E+02    0.51724E+02    0.34063E+02    0.63216E+02
   0.69395E+02    0.51739E+02    0.33694E+02    0.63261E+02
   0.69395E+02    0.51739E+02    0.33694E+02    0.63304E+02
   0.69415E+02    0.51764E+02    0.33249E+02    0.63345E+02
   0.69415E+02    0.51764E+02    0.33249E+02    0.63384E+02
   0.69438E+02    0.51798E+02    0.32741E+02    0.63421E+02
   0.69438E+02    0.51798E+02    0.32741E+02    0.63457E+02
   0.69461E+02    0.51841E+02    0.32185E+02    0.63489E+02
   0.69461E+02    0.51841E+02    0.32185E+02    0.63519E+02
   0.69484E+02    0.51890E+02    0.31595E+02    0.63546E+02
   0.69484E+02    0.51890E+02    0.31595E+02    0.63571E+02
   0.69508E+02    0.51945E+02    0.30986E+02    0.63593E+02
   0.69508E+02    0.51945E+02    0.30986E+02    0.63613E+02
   0.69530E+02    0.52003E+02    0.30372E+02    0.63629E+02
   0.69530E+02    0.52003E+02    0.30372E+02    0.63642E+02
   0.69552E+02    0.52063E+02    0.29766E+02    0.63653E+02
   0.69552E+02    0.52063E+02    0.29766E+02    0.63661E+02
   0.69572E+02    0.52124E+02    0.29179E+02    0.63666E+02
   0.69572E+02    0.52124E+02    0.29179E+02    0.63669E+02
   0.69591E+02    0.52184E+02    0.28624E+02    0.63669E+02
   0.69591E+02    0.52184E+02    0.28624E+02    0.63666E+02
   0.69607E+02    0.52242E+02    0.28108E+02    0.63661E+02
   0.69607E+02    0.52242E+02    0.28108E+02    0.63654E+02
   0.69621E+02    0.52297E+02    0.27642E+02    0.63644E+02
   0.69621E+02    0.52297E+02    0.27642E+02    0.63632E+02
   0.69632E+02    0.52348E+02    0.27232E+02    0.63618E+02
   0.69632E+02    0.52348E+02    0.27232E+02    0.63602E+02
   0.69640E+02    0.52393E+02    0.26882E+02    0.63584E+02
   0.69640E+02    0.52393E+02    0.26882E+02    0.63565E+02
   0.69646E+02    0.52432E+02    0.26597E+02    0.63545E+02
   0.69646E+02    0.52432E+02    0.26597E+02    0.63523E+02
   0.69649E+02    0.52465E+02    0.26379E+02    0.63500E+02
   0.69649E+02    0.52465E+02    0.26379E+02    0.63476E+02
   0.69650E+02    0.52491E+02    0.26228E+02    0.63451E+02
   0.69650E+02    0.52491E+02    0.26228E+02    0.63426E+02
   0.69648E+02    0.52509E+02    0.26144E+02    0.63400E+02
   0.69648E+02    0.52509E+02    0.26144E+02    0.63374E+02
   0.69643E+02    0.52521E+02    0.26124E+02    0.63348E+02
   0.69643E+02    0.52521E+02    0.26124E+02    0.63322E+02
   0.69637E+02    0.52525E+02    0.26165E+02    0.63296E+02
   0.69637E+02    0.52525E+02    0.26165E+02    0.63270E+02
   0.69628E+02    0.52522E+02    0.26262E+02    0.63245E+02
   0.69628E+02    0.52522E+02    0.26262E+02    0.63221E+02
   0.69618E+02    0.52513E+02    0.26410E+02    0.63197E+02
   0.69618E+02    0.52513E+02    0.26410E+02    0.63174E+02
   0.69606E+02    0.52498E+02    0.26602E+02    0.63152E+02
   0.69606E+02    0.52498E+02    0.26602E+02    0.63132E+02
   0.69594E+02    0.52477E+02    0.26831E+02    0.63112E+02
   0.69594E+02    0.52477E+02    0.26831E+02    0.63094E+02
   0.69580E+02    0.52451E+02    0.27090E+02    0.63077E+02
   0.69580E+02    0.52451E+02    0.27090E+02    0.63062E+02
   0.69567E+02    0.52422E+02    0.27370E+02    0.63048E+02
   0.69567E+02    0.52422E+02    0.27370E+02    0.63035E+02
   0.69553E+02    0.52389E+02    0.27665E+02    0.63024E+02
   0.69553E+02    0.52389E+02    0.27665E+02    0.63015E+02
   0.69540E+02    0.52354E+02    0.27966E+02    0.63008E+02
   0.69540E+02    0.52354E+02    0.27966E+02    0.63002E+02
   0.69527E+02    0.52318E+02    0.28265E+02    0.62997E+02
   0.69527E+02    0.52318E+02    0.28265E+02    0.62994E+02
   0.69515E+02    0.52282E+02    0.28556E+02    0.62993E+02
   0.69515E+02    0.52282E+02    0.28556E+02    0.62994E+02
   0.69504E+02    0.52245E+02    0.28833E+02    0.62996E+02
   0.69504E+02    0.52245E+02    0.28833E+02    0.62999E+02
   0.69495E+02    0.52210E+02    0.29088E+02    0.63004E+02
   0.69495E+02    0.52210E+02    0.29088E+02    0.63010E+02
   0.69487E+02    0.52177E+02    0.29319E+02    0.63018E+02
   0.69487E+02    0.52177E+02    0.29319E+02    0.63026E+02
   0.69480E+02    0.52146E+02    0.29519E+02    0.63036E+02
   0.69480E+02    0.52146E+02    0.29519E+02    0.63047E+02
   0.69475E+02    0.52119E+02    0.29687E+02    0.63059E+02
   0.69475E+02    0.52119E+02    0.29687E+02    0.63072E+02
   0.69472E+02    0.52094E+02    0.29819E+02    0.63086E+02
   0.69472E+02    0.52094E+02    0.29819E+02    0.63100E+02
   0.69470E+02    0.52074E+02    0.29915E+02    0.63115E+02
   0.69470E+02    0.52074E+02    0.29915E+02    0.63131E+02
   0.69470E+02    0.52058E+02    0.29975E+02    0.63147E+02
   0.69470E+02    0.52058E+02    0.29975E+02    0.63163E+02
   0.69471E+02    0.52047E+02    0.29998E+02    0.63179E+02
   0.69471E+02    0.52047E+02    0.29998E+02    0.63196E+02
   0.69474E+02    0.52039E+02    0.29986E+02    0.63212E+02
   0.69474E+02    0.52039E+02    0.29986E+02    0.63229E+02
   0.69479E+02    0.52037E+02    0.29941E+02    0.63245E+02
   0.69479E+02    0.52037E+02    0.29941E+02    0.63261E+02
   0.69484E+02    0.52038E+02    0.29866E+02    0.63277E+02
   0.69484E+02    0.52038E+02    0.29866E+02    0.63292E+02
   0.69490E+02    0.52043E+02    0.29764E+02    0.63307E+02
   0.69490E+02    0.52043E+02    0.29764E+02    0.63321E+02
   0.69497E+02    0.52052E+02    0.29639E+02    0.63335E+02
   0.69497E+02    0.52052E+02    0.29639E+02    0.63348E+02
   0.69505E+02    0.52065E+02    0.29495E+02    0.63360E+02
   0.69505E+02    0.52065E+02    0.29495E+02    0.63371E+02
   0.69513E+02    0.52080E+02    0.29337E+02    0.63381E+02
   0.69513E+02    0.52080E+02    0.29337E+02    0.63391E+02
   0.69522E+02    0.52098E+02    0.29168E+02    0.63400E+02
   0.69522E+02    0.52098E+02    0.29168E+02    0.63407E+02
   0.69530E+02    0.52117E+02    0.28993E+02    0.63414E+02
   0.69530E+02    0.52117E+02    0.28993E+02    0.63420E+02
   0.69538E+02    0.52138E+02    0.28817E+02    0.63424E+02
   0.69538E+02    0.52138E+02    0.28817E+02    0.63428E+02
   0.69546E+02    0.52160E+02    0.28644E+02    0.63430E+02
   0.69546E+02    0.52160E+02    0.28644E+02    0.63432E+02
   0.69554E+02    0.52182E+02    0.28477E+02    0.63432E+02
   0.69554E+02    0.52182E+02    0.28477E+02    0.63432E+02
   0.69560E+02    0.52204E+02    0.28321E+02    0.63430E+02
   0.69560E+02    0.52204E+02    0.28321E+02    0.63428E+02
   0.69566E+02    0.52225E+02    0.28178E+02    0.63425E+02
   0.69566E+02    0.52225E+02    0.28178E+02    0.63421E+02
   0.69571E+02    0.52246E+02    0.28052E+02    0.63415E+02
   0.69571E+02    0.52246E+02    0.28052E+02    0.63410E+02
   0.69576E+02    0.52265E+02    0.27945E+02    0.63403E+02
   0.69576E+02    0.52265E+02    0.27945E+02    0.63396E+02
   0.69579E+02    0.52282E+02    0.27857E+02    0.63388E+02
   0.69579E+02    0.52282E+02    0.27857E+02    0.63379E+02
   0.69581E+02    0.52296E+02    0.27792E+02    0.63370E+02
   0.69581E+02    0.52296E+02    0.27792E+02    0.63360E+02
   0.69582E+02    0.52309E+02    0.27748E+02    0.63350E+02
   0.69582E+02    0.52309E+02    0.27748E+02    0.63340E+02
   0.69583E+02    0.52319E+02    0.27727E+02    0.63329E+02
   0.69583E+02    0.52319E+02    0.27727E+02    0.63318E+02
   0.69582E+02    0.52326E+02    0.27729E+02    0.63307E+02
   0.69582E+02    0.52326E+02    0.27729E+02    0.63295E+02
   0.69580E+02    0.52331E+02    0.27752E+02    0.63284E+02
   0.69580E+02    0.52331E+02    0.27752E+02    0.63273E+02
   0.69578E+02    0.52333E+02    0.27795E+02    0.63261E+02
   0.69578E+02    0.52333E+02    0.27795E+02    0.63250E+02
   0.69575E+02    0.52332E+02    0.27856E+02    0.63239E+02
   0.69575E+02    0.52332E+02    0.27856E+02    0.63228E+02
   0.69571E+02    0.52329E+02    0.27934E+02    0.63218E+02
   0.69571E+02    0.52329E+02    0.27934E+02    0.63208E+02
   0.69566E+02    0.52324E+02    0.28026E+02    0.63198E+02
   0.69566E+02    0.52324E+02    0.28026E+02    0.63188E+02
   0.69562E+02    0.52316E+02    0.28130E+02    0.63179E+02
   0.69562E+02    0.52316E+02    0.28130E+02    0.63171E+02
   0.69556E+02    0.52307E+02    0.28243E+02    0.63163E+02
   0.69556E+02    0.52307E+02    0.28243E+02    0.63155E+02
   0.69551E+02    0.52296E+02    0.28363E+02    0.63149E+02
   0.69551E+02    0.52296E+02    0.28363E+02    0.63142E+02
   0.69546E+02    0.52283E+02    0.28486E+02    0.63137E+02
   0.69546E+02    0.52283E+02    0.28486E+02    0.63132E+02
   0.69540E+02    0.52270E+02    0.28609E+02    0.63128E+02
   0.69540E+02    0.52270E+02    0.28609E+02    0.63124E+02
   0.69535E+02    0.52256E+02    0.28731E+02    0.63121E+02
   0.69535E+02    0.52256E+02    0.28731E+02    0.63118E+02
   0.69530E+02    0.52241E+02    0.28848E+02    0.63117E+02
   0.69530E+02    0.52241E+02    0.28848E+02    0.63116E+02
   0.69525E+02    0.52227E+02    0.28958E+02    0.63115E+02
   0.69525E+02    0.52227E+02    0.28958E+02    0.63115E+02
   0.69521E+02    0.52213E+02    0.29059E+02    0.63116E+02
   0.69521E+02    0.52213E+02    0.29059E+02    0.63117E+02
   0.69518E+02    0.52199E+02    0.29150E+02    0.63119E+02
   0.69518E+02    0.52199E+02    0.29150E+02    0.63122E+02
   0.69514E+02    0.52186E+02    0.29228E+02    0.63125E+02
   0.69514E+02    0.52186E+02    0.29228E+02    0.63128E+02
   0.69512E+02    0.52174E+02    0.29293E+02    0.63132E+02
   0.69512E+02    0.52174E+02    0.29293E+02    0.63137E+02
   0.69510E+02    0.52163E+02    0.29344E+02    0.63141E+02
   0.69510E+02    0.52163E+02    0.29344E+02    0.63146E+02
   0.69508E+02    0.52154E+02    0.29379E+02    0.63152E+02
   0.69508E+02    0.52154E+02    0.29379E+02    0.63157E+02
   0.69508E+02    0.52146E+02    0.29400E+02    0.63163E+02
   0.69508E+02    0.52146E+02    0.29400E+02    0.63169E+02
   0.69508E+02    0.52140E+02    0.29406E+02    0.63176E+02
   0.69508E+02    0.52140E+02    0.29406E+02    0.63182E+02
   0.69508E+02    0.52135E+02    0.29397E+02    0.63189E+02
   0.69508E+02    0.52135E+02    0.29397E+02    0.63195E+02
   0.69509E+02    0.52132E+02    0.29374E+02    0.63202E+02
   0.69509E+02    0.52132E+02    0.29374E+02    0.63208E+02
   0.69510E+02    0.52130E+02    0.29339E+02    0.63215E+02
   0.69510E+02    0.52130E+02    0.29339E+02    0.63221E+02
   0.69512E+02    0.52131E+02    0.29293E+02    0.63228E+02
   0.69512E+02    0.52131E+02    0.29293E+02    0.63234E+02
   0.69514E+02    0.52132E+02    0.29236E+02    0.63240E+02
   0.69514E+02    0.52132E+02    0.29236E+02    0.63246E+02
   0.69517E+02    0.52135E+02    0.29171E+02    0.63251E+02
   0.69517E+02    0.52135E+02    0.29171E+02    0.63256E+02
   0.69520E+02    0.52139E+02    0.29099E+02    0.63261E+02
   0.69520E+02    0.52139E+02    0.29099E+02    0.63266E+02
   0.69522E+02    0.52145E+02    0.29022E+02    0.63271E+02
   0.69522E+02    0.52145E+02    0.29022E+02    0.63275E+02
   0.69525E+02    0.52151E+02    0.28941E+02    0.63279E+02
   0.69525E+02    0.52151E+02    0.28941E+02    0.63282E+02
   0.69528E+02    0.52158E+02    0.28859E+02    0.63285E+02
   0.69528E+02    0.52158E+02    0.28859E+02    0.63288E+02
   0.69531E+02    0.52165E+02    0.28777E+02    0.63290E+02
   0.69531E+02    0.52165E+02    0.28777E+02    0.63292E+02
   0.69534E+02    0.52173E+02    0.28697E+02    0.63294E+02
   0.69534E+02    0.52173E+02    0.28697E+02    0.63295E+02
   0.69537E+02    0.52181E+02    0.28620E+02    0.63296E+02
   0.69537E+02    0.52181E+02    0.28620E+02    0.63296E+02
   0.69539E+02    0.52188E+02    0.28548E+02    0.63296E+02
   0.69539E+02    0.52188E+02    0.28548E+02    0.63296E+02
   0.69541E+02    0.52196E+02    0.28481E+02    0.63295E+02
   0.69541E+02    0.52196E+02    0.28481E+02    0.63294E+02
   0.69543E+02    0.52203E+02    0.28422E+02    0.63293E+02
   0.69543E+02    0.52203E+02    0.28422E+02    0.63292E+02
   0.69545E+02    0.52210E+02    0.28370E+02    0.63290E+02
   0.69545E+02    0.52210E+02    0.28370E+02    0.63288E+02
   0.69546E+02    0.52216E+02    0.28327E+02    0.63285E+02
   0.69546E+02    0.52216E+02    0.28327E+02    0.63283E+02
   0.69547E+02    0.52222E+02    0.28292E+02    0.63280E+02
   0.69547E+02    0.52222E+02    0.28292E+02    0.63277E+02
   0.69547E+02    0.52226E+02    0.28267E+02    0.63274E+02
   0.69547E+02    0.52226E+02    0.28267E+02    0.63271E+02
   0.69547E+02    0.52230E+02    0.28251E+02    0.63267E+02
   0.69547E+02    0.52230E+02    0.28251E+02    0.63264E+02
   0.69547E+02    0.52233E+02    0.28244E+02    0.63260E+02
   0.69547E+02    0.52233E+02    0.28244E+02    0.63256E+02
   0.69547E+02    0.52235E+02    0.28246E+02    0.63253E+02
   0.69547E+02    0.52235E+02    0.28246E+02    0.63249E+02
   0.69546E+02    0.52236E+02    0.28256E+02    0.63245E+02
   0.69546E+02    0.52236E+02    0.28256E+02    0.63242E+02
   0.69545E+02    0.52236E+02    0.28274E+02    0.63238E+02
   0.69545E+02    0.52236E+02    0.28274E+02    0.63234E+02
   0.69544E+02    0.52235E+02    0.28298E+02    0.63231E+02
   0.69544E+02    0.52235E+02    0.28298E+02    0.63228E+02
   0.69542E+02    0.52233E+02    0.28329E+02    0.63224E+02
   0.69542E+02    0.52233E+02    0.28329E+02    0.63221E+02
   0.69541E+02    0.52231E+02    0.28364E+02    0.63218E+02
   0.69541E+02    0.52231E+02    0.28364E+02    0.63176E+02
   0.69539E+02    0.52228E+02    0.28404E+02    0.63234E+02
   0.69539E+02    0.52228E+02    0.28404E+02    0.63218E+02
   0.69537E+02    0.52224E+02    0.28447E+02    0.63228E+02
   0.69537E+02    0.52224E+02    0.28447E+02    0.63219E+02
   0.69543E+02    0.52217E+02    0.28500E+02    0.63212E+02
   0.69543E+02    0.52217E+02    0.28500E+02    0.63212E+02
   0.69566E+02    0.52210E+02    0.28596E+02    0.63210E+02
   0.69566E+02    0.52210E+02    0.28596E+02    0.63211E+02
   0.69560E+02    0.52214E+02    0.28673E+02    0.63210E+02
   0.69560E+02    0.52214E+02    0.28673E+02    0.63208E+02
   0.69544E+02    0.52216E+02    0.28700E+02    0.63205E+02
   0.69544E+02    0.52216E+02    0.28700E+02    0.63203E+02
   0.69524E+02    0.52213E+02    0.28709E+02    0.63201E+02
   0.69524E+02    0.52213E+02    0.28709E+02    0.63200E+02
   0.69516E+02    0.52207E+02    0.28728E+02    0.63199E+02
   0.69516E+02    0.52207E+02    0.28728E+02    0.63199E+02
   0.69515E+02    0.52201E+02    0.28750E+02    0.63198E+02
   0.69515E+02    0.52201E+02    0.28750E+02    0.63198E+02
   0.69519E+02    0.52194E+02    0.28767E+02    0.63198E+02
   0.69519E+02    0.52194E+02    0.28767E+02    0.63198E+02
   0.69522E+02    0.52189E+02    0.28783E+02    0.63198E+02
   0.69522E+02    0.52189E+02    0.28783E+02    0.63198E+02
   0.69524E+02    0.52184E+02    0.28797E+02    0.63198E+02
   0.69524E+02    0.52184E+02    0.28797E+02    0.63199E+02
   0.69523E+02    0.52181E+02    0.28811E+02    0.63200E+02
   0.69523E+02    0.52181E+02    0.28811E+02    0.63201E+02
   0.69522E+02    0.52178E+02    0.28823E+02    0.63202E+02
   0.69522E+02    0.52178E+02    0.28823E+02    0.63204E+02
   0.69521E+02    0.52176E+02    0.28833E+02    0.63206E+02
   0.69521E+02    0.52176E+02    0.28833E+02    0.63208E+02
   0.69521E+02    0.52174E+02    0.28840E+02    0.63210E+02
   0.69521E+02    0.52174E+02    0.28840E+02    0.63212E+02
   0.69521E+02    0.52172E+02    0.28843E+02    0.63214E+02
   0.69521E+02    0.52172E+02    0.28843E+02    0.63217E+02
   0.69522E+02    0.52171E+02    0.28843E+02    0.63219E+02
   0.69522E+02    0.52171E+02    0.28843E+02    0.63222E+02
   0.69523E+02    0.52171E+02    0.28838E+02    0.63224E+02
   0.69523E+02    0.52171E+02    0.28838E+02    0.63227E+02
   0.69523E+02    0.52171E+02    0.28830E+02    0.63229E+02
   0.69523E+02    0.52171E+02    0.28830E+02    0.63232E+02
   0.69524E+02    0.52171E+02    0.28819E+02    0.63234E+02
   0.69524E+02    0.52171E+02    0.28819E+02    0.63236E+02
   0.69525E+02    0.52173E+02    0.28804E+02    0.63238E+02
   0.69525E+02    0.52173E+02    0.28804E+02    0.63241E+02
   0.69527E+02    0.52174E+02    0.28787E+02    0.63243E+02
   0.69527E+02    0.52174E+02    0.28787E+02    0.63245E+02
   0.69528E+02    0.52176E+02    0.28767E+02    0.63246E+02
   0.69528E+02    0.52176E+02    0.28767E+02    0.63248E+02
   0.69529E+02    0.52179E+02    0.28745E+02    0.63249E+02
   0.69529E+02    0.52179E+02    0.28745E+02    0.63251E+02
   0.69530E+02    0.52182E+02    0.28722E+02    0.63252E+02
   0.69530E+02    0.52182E+02    0.28722E+02    0.63253E+02
   0.69532E+02    0.52185E+02    0.28699E+02    0.63254E+02
   0.69532E+02    0.52185E+02    0.28699E+02    0.63255E+02
   0.69533E+02    0.52188E+02    0.28675E+02    0.63255E+02
   0.69533E+02    0.52188E+02    0.28675E+02    0.63256E+02
   0.69534E+02    0.52191E+02    0.28652E+02    0.63256E+02
   0.69534E+02    0.52191E+02    0.28652E+02    0.63256E+02
   0.69535E+02    0.52194E+02    0.28631E+02    0.63256E+02
   0.69535E+02    0.52194E+02    0.28631E+02    0.63256E+02
   0.69536E+02    0.52198E+02    0.28611E+02    0.63255E+02
   0.69536E+02    0.52198E+02    0.28611E+02    0.63255E+02
   0.69537E+02    0.52201E+02    0.28593E+02    0.63254E+02
   0.69537E+02    0.52201E+02    0.28593E+02    0.63253E+02
   0.69538E+02    0.52204E+02    0.28577E+02    0.63252E+02
   0.69538E+02    0.52204E+02    0.28577E+02    0.63251E+02
   0.69538E+02    0.52206E+02    0.28565E+02    0.63250E+02
   0.69538E+02    0.52206E+02    0.28565E+02    0.63249E+02
   0.69539E+02    0.52209E+02    0.28555E+02    0.63248E+02
   0.69539E+02    0.52209E+02    0.28555E+02    0.63246E+02
   0.69539E+02    0.52211E+02    0.28549E+02    0.63245E+02
   0.69539E+02    0.52211E+02    0.28549E+02    0.63243E+02
   0.69539E+02    0.52212E+02    0.28545E+02    0.63242E+02
   0.69539E+02    0.52212E+02    0.28545E+02    0.63240E+02
   0.69539E+02    0.52213E+02    0.28545E+02    0.63239E+02
   0.69539E+02    0.52213E+02    0.28545E+02    0.63237E+02
   0.69539E+02    0.52214E+02    0.28549E+02    0.63236E+02
   0.69539E+02    0.52214E+02    0.28549E+02    0.63234E+02
   0.69539E+02    0.52215E+02    0.28555E+02    0.63232E+02
   0.69539E+02    0.52215E+02    0.28555E+02    0.63231E+02
   0.69538E+02    0.52215E+02    0.28564E+02    0.63229E+02
   0.69538E+02    0.52215E+02    0.28564E+02    0.63228E+02
   0.69538E+02    0.52214E+02    0.28575E+02    0.63226E+02
   0.69538E+02    0.52214E+02    0.28575E+02    0.63225E+02
   0.69537E+02    0.52213E+02    0.28588E+02    0.63223E+02
   0.69537E+02    0.52213E+02    0.28588E+02    0.63222E+02
   0.69537E+02    0.52212E+02    0.28603E+02    0.63221E+02
   0.69537E+02    0.52212E+02    0.28603E+02    0.63220E+02
   0.69536E+02    0.52211E+02    0.28620E+02    0.63219E+02
   0.69536E+02    0.52211E+02    0.28620E+02    0.63218E+02
   0.69535E+02    0.52210E+02    0.28637E+02    0.63217E+02
   0.69535E+02    0.52210E+02    0.28637E+02    0.63216E+02
   0.69534E+02    0.52208E+02    0.28655E+02    0.63215E+02
   0.69534E+02    0.52208E+02    0.28655E+02    0.63215E+02
   0.69534E+02    0.52206E+02    0.28672E+02    0.63214E+02
   0.69534E+02    0.52206E+02    0.28672E+02    0.63214E+02
   0.69533E+02    0.52204E+02    0.28690E+02    0.63214E+02
   0.69533E+02    0.52204E+02    0.28690E+02    0.63214E+02
   0.69532E+02    0.52202E+02    0.28707E+02    0.63213E+02
   0.69532E+02    0.52202E+02    0.28707E+02    0.63214E+02
   0.69532E+02    0.52200E+02    0.28722E+02    0.63214E+02
   0.69532E+02    0.52200E+02    0.28722E+02    0.63214E+02
   0.69531E+02    0.52198E+02    0.28736E+02    0.63214E+02
   0.69531E+02    0.52198E+02    0.28736E+02    0.63215E+02
   0.69531E+02    0.52196E+02    0.28749E+02    0.63215E+02
   0.69531E+02    0.52196E+02    0.28749E+02    0.63216E+02
   0.69530E+02    0.52194E+02    0.28760E+02    0.63216E+02
   0.69530E+02    0.52194E+02    0.28760E+02    0.63217E+02
   0.69530E+02    0.52193E+02    0.28768E+02    0.63218E+02
   0.69530E+02    0.52193E+02    0.28768E+02    0.63219E+02
   0.69530E+02    0.52192E+02    0.28775E+02    0.63220E+02
   0.69530E+02    0.52192E+02    0.28775E+02    0.63221E+02
   0.69530E+02    0.52190E+02    0.28779E+02    0.63222E+02
   0.69530E+02    0.52190E+02    0.28779E+02    0.63223E+02
   0.69530E+02    0.52190E+02    0.28781E+02    0.63224E+02
   0.69530E+02    0.52190E+02    0.28781E+02    0.63225E+02
   0.69530E+02    0.52189E+02    0.28781E+02    0.63226E+02
   0.69530E+02    0.52189E+02    0.28781E+02    0.63227E+02
   0.69530E+02    0.52189E+02    0.28779E+02    0.63228E+02
   0.69530E+02    0.52189E+02    0.28779E+02    0.63229E+02
   0.69530E+02    0.52188E+02    0.28774E+02    0.63230E+02
   0.69530E+02    0.52188E+02    0.28774E+02    0.63232E+02
   0.69531E+02    0.52189E+02    0.28768E+02    0.63233E+02
   0.69531E+02    0.52189E+02    0.28768E+02    0.63234E+02
   0.69531E+02    0.52189E+02    0.28760E+02    0.63235E+02
   0.69531E+02    0.52189E+02    0.28760E+02    0.63236E+02
   0.69532E+02    0.52190E+02    0.28751E+02    0.63237E+02
   0.69532E+02    0.52190E+02    0.28751E+02    0.63238E+02
   0.69532E+02    0.52190E+02    0.28740E+02    0.63239E+02
   0.69532E+02    0.52190E+02    0.28740E+02    0.63239E+02
   0.69533E+02    0.52191E+02    0.28729E+02    0.63240E+02
   0.69533E+02    0.52191E+02    0.28729E+02    0.63241E+02
   0.69533E+02    0.52193E+02    0.28717E+02    0.63242E+02
   0.69533E+02    0.52193E+02    0.28717E+02    0.63242E+02
   0.69534E+02    0.52194E+02    0.28705E+02    0.63243E+02
   0.69534E+02    0.52194E+02    0.28705E+02    0.63243E+02
   0.69534E+02    0.52195E+02    0.28692E+02    0.63244E+02
   0.69534E+02    0.52195E+02    0.28692E+02    0.63244E+02
   0.69535E+02    0.52197E+02    0.28680E+02    0.63245E+02
   0.69535E+02    0.52197E+02    0.28680E+02    0.63245E+02
   0.69535E+02    0.52198E+02    0.28668E+02    0.63245E+02
   0.69535E+02    0.52198E+02    0.28668E+02    0.63245E+02
   0.69536E+02    0.52200E+02    0.28657E+02    0.63245E+02
   0.69536E+02    0.52200E+02    0.28657E+02    0.63245E+02
   0.69536E+02    0.52201E+02    0.28647E+02    0.63245E+02
   0.69536E+02    0.52201E+02    0.28647E+02    0.63245E+02
   0.69537E+02    0.52202E+02    0.28638E+02    0.63245E+02
   0.69537E+02    0.52202E+02    0.28638E+02    0.63245E+02
   0.69537E+02    0.52204E+02    0.28630E+02    0.63244E+02
   0.69537E+02    0.52204E+02    0.28630E+02    0.63244E+02
   0.69537E+02    0.52205E+02    0.28623E+02    0.63244E+02
   0.69537E+02    0.52205E+02    0.28623E+02    0.63243E+02
   0.69537E+02    0.52206E+02    0.28618E+02    0.63243E+02
   0.69537E+02    0.52206E+02    0.28618E+02    0.63242E+02
   0.69538E+02    0.52207E+02    0.28614E+02    0.63242E+02
   0.69538E+02    0.52207E+02    0.28614E+02    0.63241E+02
   0.69538E+02    0.52208E+02    0.28612E+02    0.63240E+02
   0.69538E+02    0.52208E+02    0.28612E+02    0.63240E+02
   0.69538E+02    0.52208E+02    0.28612E+02    0.63239E+02
   0.69538E+02    0.52208E+02    0.28612E+02    0.63238E+02
   0.69538E+02    0.52209E+02    0.28612E+02    0.63238E+02
   0.69538E+02    0.52209E+02    0.28612E+02    0.63237E+02
   0.69538E+02    0.52209E+02    0.28614E+02    0.63236E+02
   0.69538E+02    0.52209E+02    0.28614E+02    0.63236E+02
   0.69537E+02    0.52209E+02    0.28618E+02    0.63235E+02
   0.69537E+02    0.52209E+02    0.28618E+02    0.63234E+02
   0.69537E+02    0.52209E+02    0.28622E+02    0.63234E+02
   0.69537E+02    0.52209E+02    0.28622E+02    0.63233E+02
   0.69537E+02    0.52209E+02    0.28628E+02    0.63233E+02
   0.69537E+02    0.52209E+02    0.28628E+02    0.63232E+02
   0.69537E+02    0.52209E+02    0.28634E+02    0.63231E+02
   0.69537E+02    0.52209E+02    0.28634E+02    0.63231E+02
   0.69536E+02    0.52208E+02    0.28642E+02    0.63230E+02
   0.69536E+02    0.52208E+02    0.28642E+02    0.63230E+02
   0.69536E+02    0.52208E+02    0.28649E+02    0.63229E+02
   0.69536E+02    0.52208E+02    0.28649E+02    0.63229E+02
   0.69536E+02    0.52207E+02    0.28657E+02    0.63228E+02
   0.69536E+02    0.52207E+02    0.28657E+02    0.63228E+02
   0.69536E+02    0.52206E+02    0.28666E+02    0.63228E+02
   0.69536E+02    0.52206E+02    0.28666E+02    0.63227E+02
   0.69535E+02    0.52206E+02    0.28674E+02    0.63227E+02
   0.69535E+02    0.52206E+02    0.28674E+02    0.63227E+02
   0.69535E+02    0.52205E+02    0.28682E+02    0.63227E+02
   0.69535E+02    0.52205E+02    0.28682E+02    0.63227E+02
   0.69535E+02    0.52204E+02    0.28690E+02    0.63226E+02
   0.69535E+02    0.52204E+02    0.28690E+02    0.63226E+02
   0.69534E+02    0.52203E+02    0.28697E+02    0.63226E+02
   0.69534E+02    0.52203E+02    0.28697E+02    0.63226E+02
   0.69534E+02    0.52202E+02    0.28704E+02    0.63226E+02
   0.69534E+02    0.52202E+02    0.28704E+02    0.63226E+02
   0.69534E+02    0.52201E+02    0.28710E+02    0.63227E+02
   0.69534E+02    0.52201E+02    0.28710E+02    0.63227E+02
   0.69534E+02    0.52201E+02    0.28715E+02    0.63227E+02
   0.69534E+02    0.52201E+02    0.28715E+02    0.63227E+02
   0.69534E+02    0.52200E+02    0.28719E+02    0.63227E+02
   0.69534E+02    0.52200E+02    0.28719E+02    0.63227E+02
   0.69533E+02    0.52199E+02    0.28723E+02    0.63228E+02
   0.69533E+02    0.52199E+02    0.28723E+02    0.63228E+02
   0.69533E+02    0.52199E+02    0.28725E+02    0.63228E+02
   0.69533E+02    0.52199E+02    0.28725E+02    0.63229E+02
   0.69533E+02    0.52198E+02    0.28727E+02    0.63229E+02
   0.69533E+02    0.52198E+02    0.28727E+02    0.63229E+02
   0.69533E+02    0.52198E+02    0.28728E+02    0.63230E+02
   0.69533E+02    0.52198E+02    0.28728E+02    0.63230E+02
   0.69533E+02    0.52198E+02    0.28728E+02    0.63230E+02
   0.69533E+02    0.52198E+02    0.28728E+02    0.63231E+02
   0.69533E+02    0.52198E+02    0.28727E+02    0.63231E+02
   0.69533E+02    0.52198E+02    0.28727E+02    0.63231E+02
   0.69533E+02    0.52197E+02    0.28725E+02    0.63232E+02
   0.69533E+02    0.52197E+02    0.28725E+02    0.63232E+02
   0.69534E+02    0.52197E+02    0.28722E+02    0.63232E+02
   0.69534E+02    0.52197E+02    0.28722E+02    0.63233E+02
   0.69534E+02    0.52198E+02    0.28719E+02    0.63233E+02
   0.69534E+02    0.52198E+02    0.28719E+02    0.63233E+02
   0.69534E+02    0.52198E+02    0.28715E+02    0.63234E+02
   0.69534E+02    0.52198E+02    0.28715E+02    0.63234E+02
   0.69534E+02    0.52198E+02    0.28711E+02    0.63234E+02
   0.69534E+02    0.52198E+02    0.28711E+02    0.63235E+02
   0.69534E+02    0.52198E+02    0.28707E+02    0.63235E+02
   0.69534E+02    0.52198E+02    0.28707E+02    0.63235E+02
   0.69534E+02    0.52199E+02    0.28702E+02    0.63235E+02
   0.69534E+02    0.52199E+02    0.28702E+02    0.63235E+02
   0.69534E+02    0.52199E+02    0.28697E+02    0.63236E+02
   0.69534E+02    0.52199E+02    0.28697E+02    0.63236E+02
   0.69535E+02    0.52199E+02    0.28693E+02    0.63236E+02
   0.69535E+02    0.52199E+02    0.28693E+02    0.63236E+02
   0.69535E+02    0.52200E+02    0.28688E+02    0.63236E+02
   0.69535E+02    0.52200E+02    0.28688E+02    0.63236E+02
   0.69535E+02    0.52200E+02    0.28683E+02    0.63236E+02
   0.69535E+02    0.52200E+02    0.28683E+02    0.63236E+02
   0.69535E+02    0.52201E+02    0.28679E+02    0.63236E+02
   0.69535E+02    0.52201E+02    0.28679E+02    0.63236E+02
   0.69535E+02    0.52201E+02    0.28675E+02    0.63236E+02
   0.69535E+02    0.52201E+02    0.28675E+02    0.63236E+02
   0.69535E+02    0.52201E+02    0.28672E+02    0.63236E+02
   0.69535E+02    0.52201E+02    0.28672E+02    0.63236E+02
   0.69535E+02    0.52202E+02    0.28668E+02    0.63236E+02
   0.69535E+02    0.52202E+02    0.28668E+02    0.63235E+02
   0.69535E+02    0.52202E+02    0.28666E+02    0.63235E+02
   0.69535E+02    0.52202E+02    0.28666E+02    0.63235E+02
   0.69535E+02    0.52202E+02    0.28663E+02    0.63235E+02
   0.69535E+02    0.52202E+02    0.28663E+02    0.63235E+02
   0.69535E+02    0.52202E+02    0.28662E+02    0.63235E+02
   0.69535E+02    0.52202E+02    0.28662E+02    0.63234E+02
   0.69535E+02    0.52203E+02    0.28661E+02    0.63234E+02
   0.69535E+02    0.52203E+02    0.28661E+02    0.63234E+02
   0.69535E+02    0.52203E+02    0.28660E+02    0.63234E+02
   0.69535E+02    0.52203E+02    0.28660E+02    0.63234E+02
   0.69535E+02    0.52203E+02    0.28660E+02    0.63233E+02
   0.69535E+02    0.52203E+02    0.28660E+02    0.63233E+02
   0.69535E+02    0.52203E+02    0.28660E+02    0.63233E+02
   0.69535E+02    0.52203E+02    0.28660E+02    0.63233E+02
   0.69535E+02    0.52203E+02    0.28661E+02    0.63233E+02
   0.69535E+02    0.52203E+02    0.28661E+02    0.63232E+02
   0.69535E+02    0.52203E+02    0.28662E+02    0.63232E+02
   0.69535E+02    0.52203E+02    0.28662E+02    0.63232E+02
   0.69535E+02    0.52202E+02    0.28663E+02    0.63232E+02
   0.69535E+02    0.52202E+02    0.28663E+02    0.63232E+02
   0.69535E+02    0.52202E+02    0.28665E+02    0.63232E+02
   0.69535E+02    0.52202E+02    0.28665E+02    0.63231E+02
   0.69535E+02    0.52202E+02    0.28667E+02    0.63231E+02
   0.69535E+02    0.52202E+02    0.28667E+02    0.63231E+02
   0.69535E+02    0.52202E+02    0.28669E+02    0.63231E+02
   0.69535E+02    0.52202E+02    0.28669E+02    0.63231E+02
   0.69534E+02    0.52202E+02    0.28671E+02    0.63231E+02
   0.69534E+02    0.52202E+02    0.28671E+02    0.63231E+02
   0.69534E+02    0.52201E+02    0.28674E+02    0.63231E+02
   0.69534E+02    0.52201E+02    0.28674E+02    0.63231E+02
   0.69534E+02    0.52201E+02    0.28676E+02    0.63231E+02
   0.69534E+02    0.52201E+02    0.28676E+02    0.63231E+02
   0.69534E+02    0.52201E+02    0.28678E+02    0.63231E+02
   0.69534E+02    0.52201E+02    0.28678E+02    0.63231E+02
   0.69534E+02    0.52200E+02    0.28680E+02    0.63231E+02
   0.69534E+02    0.52200E+02    0.28680E+02    0.63231E+02
   0.69534E+02    0.52200E+02    0.28682E+02    0.63231E+02
   0.69534E+02    0.52200E+02    0.28682E+02    0.63231E+02
   0.69534E+02    0.52200E+02    0.28684E+02    0.63231E+02
   0.69534E+02    0.52200E+02    0.28684E+02    0.63231E+02
   0.69534E+02    0.52200E+02    0.28686E+02    0.63231E+02
   0.69534E+02    0.52200E+02    0.28686E+02    0.63231E+02
   0.69534E+02    0.52199E+02    0.28687E+02    0.63231E+02
   0.69534E+02    0.52199E+02    0.28687E+02    0.63231E+02
   0.69534E+02    0.52199E+02    0.28688E+02    0.63231E+02
   0.69534E+02    0.52199E+02    0.28688E+02    0.63231E+02
   0.69534E+02    0.52199E+02    0.28689E+02    0.63231E+02
   0.69534E+02    0.52199E+02    0.28689E+02    0.63231E+02
   0.69534E+02    0.52199E+02    0.28689E+02    0.63232E+02
   0.69534E+02    0.52199E+02    0.28689E+02    0.63232E+02
   0.69534E+02    0.52199E+02    0.28689E+02    0.63232E+02
   0.69534E+02    0.52199E+02    0.28689E+02    0.63232E+02
   0.69534E+02    0.52199E+02    0.28689E+02    0.63232E+02
   0.69534E+02    0.52199E+02    0.28689E+02    0.63232E+02
   0.69534E+02    0.52199E+02    0.28689E+02    0.63232E+02
   0.69534E+02    0.52199E+02    0.28689E+02    0.63232E+02
   0.69534E+02    0.52199E+02    0.28688E+02    0.63232E+02
   0.69534E+02    0.52199E+02    0.28688E+02    0.63233E+02
   0.69534E+02    0.52199E+02    0.28688E+02    0.63233E+02
   0.69534E+02    0.52199E+02    0.28688E+02    0.63233E+02
   0.69534E+02    0.52199E+02    0.28687E+02    0.63233E+02
   0.69534E+02    0.52199E+02    0.28687E+02    0.63233E+02
   0.69534E+02    0.52199E+02    0.28686E+02    0.63233E+02
   0.69534E+02    0.52199E+02    0.28686E+02    0.63233E+02
   0.69534E+02    0.52199E+02    0.28685E+02    0.63233E+02
   0.69534E+02    0.52199E+02    0.28685E+02    0.63233E+02
   0.69534E+02    0.52199E+02    0.28683E+02    0.63233E+02
   0.69534E+02    0.52199E+02    0.28683E+02    0.63233E+02
   0.69534E+02    0.52199E+02    0.28682E+02    0.63233E+02
   0.69534E+02    0.52199E+02    0.28682E+02    0.63234E+02
   0.69534E+02    0.52199E+02    0.28681E+02    0.63234E+02
   0.69534E+02    0.52199E+02    0.28681E+02    0.63234E+02
   0.69534E+02    0.52199E+02    0.28679E+02    0.63234E+02
   0.69534E+02    0.52199E+02    0.28679E+02    0.63234E+02
   0.69534E+02    0.52200E+02    0.28678E+02    0.63234E+02
   0.69534E+02    0.52200E+02    0.28678E+02    0.63234E+02
   0.69534E+02    0.52200E+02    0.28677E+02    0.63234E+02
   0.69534E+02    0.52200E+02    0.28677E+02    0.63234E+02
   0.69534E+02    0.52200E+02    0.28676E+02    0.63234E+02
   0.69534E+02    0.52200E+02    0.28676E+02    0.63234E+02
   0.69534E+02    0.52200E+02    0.28675E+02    0.63234E+02
   0.69534E+02    0.52200E+02    0.28675E+02    0.63234E+02
   0.69534E+02    0.52200E+02    0.28674E+02    0.63233E+02
   0.69534E+02    0.52200E+02    0.28674E+02    0.63233E+02
   0.69534E+02    0.52200E+02    0.28673E+02    0.63233E+02
   0.69534E+02    0.52200E+02    0.28673E+02    0.63233E+02
   0.69534E+02    0.52200E+02    0.28673E+02    0.63233E+02
   0.69534E+02    0.52200E+02    0.28673E+02    0.63233E+02
   0.69534E+02    0.52200E+02    0.28672E+02    0.63233E+02
   0.69534E+02    0.52200E+02    0.28672E+02    0.63233E+02
   0.69534E+02    0.52201E+02    0.28672E+02    0.63233E+02
   0.69534E+02    0.52201E+02    0.28672E+02    0.63233E+02
   0.69534E+02    0.52201E+02    0.28672E+02    0.63233E+02
   0.69534E+02    0.52201E+02    0.28672E+02    0.63233E+02
   0.69534E+02    0.52201E+02    0.28672E+02    0.63233E+02
   0.69534E+02    0.52201E+02    0.28672E+02    0.63233E+02
   0.69534E+02    0.52201E+02    0.28672E+02    0.63232E+02
   0.69534E+02    0.52201E+02    0.28672E+02    0.63232E+02
   0.69534E+02    0.52201E+02    0.28673E+02    0.63232E+02
   0.69534E+02    0.52201E+02    0.28673E+02    0.63232E+02
   0.69534E+02    0.52201E+02    0.28673E+02    0.63232E+02
   0.69534E+02    0.52201E+02    0.28673E+02    0.63232E+02
   0.69534E+02    0.52201E+02    0.28674E+02    0.63232E+02
   0.69534E+02    0.52201E+02    0.28674E+02    0.63232E+02
   0.69534E+02    0.52201E+02    0.28675E+02    0.63232E+02
   0.69534E+02    0.52201E+02    0.28675E+02    0.63232E+02
   0.69534E+02    0.52201E+02    0.28675E+02    0.63232E+02
   0.69534E+02    0.52201E+02    0.28675E+02    0.63232E+02
   0.69534E+02    0.52200E+02    0.28676E+02    0.63232E+02
   0.69534E+02    0.52200E+02    0.28676E+02    0.63232E+02
   0.69534E+02    0.52200E+02    0.28677E+02    0.63232E+02
   0.69534E+02    0.52200E+02    0.28677E+02    0.63232E+02
   0.69534E+02    0.52200E+02    0.28678E+02    0.63232E+02
   0.69534E+02    0.52200E+02    0.28678E+02    0.63232E+02
   0.69534E+02    0.52200E+02    0.28679E+02    0.63232E+02
   0.69534E+02    0.52200E+02    0.28679E+02    0.63231E+02
   0.69534E+02    0.52200E+02    0.28680E+02    0.63231E+02
   0.69534E+02    0.52200E+02    0.28680E+02    0.63231E+02
   0.69534E+02    0.52200E+02    0.28681E+02    0.63231E+02
   0.69534E+02    0.52200E+02    0.28681E+02    0.63231E+02
   0.69534E+02    0.52200E+02    0.28681E+02    0.63231E+02
   0.69534E+02    0.52200E+02    0.28681E+02    0.63231E+02
   0.69534E+02    0.52200E+02    0.28682E+02    0.63232E+02
   0.69534E+02    0.52200E+02    0.28682E+02    0.63232E+02
   0.69534E+02    0.52200E+02    0.28683E+02    0.63232E+02
   0.69534E+02    0.52200E+02    0.28683E+02    0.63232E+02
   0.69534E+02    0.52200E+02    0.28683E+02    0.63232E+02
   0.69534E+02    0.52200E+02    0.28683E+02    0.63232E+02
   0.69534E+02    0.52200E+02    0.28684E+02    0.63232E+02
   0.69534E+02    0.52200E+02    0.28684E+02    0.63232E+02
   0.69534E+02    0.52200E+02    0.28684E+02    0.63232E+02
   0.69534E+02    0.52200E+02    0.28684E+02    0.63232E+02
   0.69534E+02    0.52200E+02    0.28684E+02    0.63232E+02
   0.69534E+02    0.52200E+02    0.28684E+02    0.63232E+02
   0.69534E+02    0.52200E+02    0.28684E+02    0.63232E+02
   0.69534E+02    0.52200E+02    0.28684E+02    0.63232E+02
   0.69534E+02    0.52199E+02    0.28684E+02    0.63232E+02
   0.69534E+02    0.52199E+02    0.28684E+02    0.63232E+02
   0.69534E+02    0.52199E+02    0.28684E+02    0.63232E+02
   0.69534E+02    0.52199E+02    0.28684E+02    0.63232E+02
   0.69534E+02    0.52199E+02    0.28684E+02    0.63232E+02
   0.69534E+02    0.52199E+02    0.28684E+02    0.63232E+02
   0.69534E+02    0.52199E+02    0.28684E+02    0.63232E+02
   0.69534E+02    0.52199E+02    0.28684E+02    0.63232E+02
   0.69534E+02    0.52200E+02    0.28683E+02    0.63232E+02
   0.69534E+02    0.52200E+02    0.28683E+02    0.63232E+02
   0.69534E+02    0.52200E+02    0.28683E+02    0.63232E+02
   0.69534E+02    0.52200E+02    0.28683E+02    0.63233E+02
   0.69534E+02    0.52200E+02    0.28683E+02    0.63233E+02
   0.69534E+02    0.52200E+02    0.28683E+02    0.63233E+02
   0.69534E+02    0.52200E+02    0.28682E+02    0.63233E+02
   0.69534E+02    0.52200E+02    0.28682E+02    0.63233E+02
   0.69534E+02    0.52200E+02    0.28682E+02    0.63233E+02
   0.69534E+02    0.52200E+02    0.28682E+02    0.63233E+02
   0.69534E+02    0.52200E+02    0.28681E+02    0.63233E+02
   0.69534E+02    0.52200E+02    0.28681E+02    0.63233E+02
   0.69534E+02    0.52200E+02    0.28680E+02    0.63233E+02
   0.69534E+02    0.52200E+02    0.28680E+02    0.63233E+02
   0.69534E+02    0.52200E+02    0.28680E+02    0.63233E+02
   0.69534E+02    0.52200E+02    0.28680E+02    0.63233E+02
   0.69534E+02    0.52200E+02    0.28679E+02    0.63233E+02
   0.69534E+02    0.52200E+02    0.28679E+02    0.63233E+02
   0.69534E+02    0.52200E+02    0.28679E+02    0.63233E+02
   0.69534E+02    0.52200E+02    0.28679E+02    0.63233E+02
   0.69534E+02    0.52200E+02    0.28679E+02    0.63233E+02
   0.69534E+02    0.52200E+02    0.28679E+02    0.63233E+02
   0.69534E+02    0.52200E+02    0.28678E+02    0.63233E+02
   0.69534E+02    0.52200E+02    0.28678E+02    0.63233E+02
   0.69534E+02    0.52200E+02    0.28678E+02    0.63233E+02
   0.69534E+02    0.52200E+02    0.28678E+02    0.63233E+02
   0.69534E+02    0.52200E+02    0.28678E+02    0.63233E+02
   0.69534E+02    0.52200E+02    0.28678E+02    0.63233E+02
   0.69534E+02    0.52200E+02    0.28677E+02    0.63233E+02
   0.69534E+02    0.52200E+02    0.28677E+02    0.63233E+02
   0.69534E+02    0.52200E+02    0.28677E+02    0.63233E+02
   0.69534E+02    0.52200E+02    0.28677E+02    0.63233E+02
   0.69534E+02    0.52200E+02    0.28677E+02    0.63233E+02
   0.69534E+02    0.52200E+02    0.28677E+02    0.63233E+02
   0.69534E+02    0.52200E+02    0.28677E+02    0.63233E+02
   0.69534E+02    0.52200E+02    0.28677E+02    0.63233E+02
   0.69534E+02    0.52200E+02    0.28677E+02    0.63233E+02
   0.69534E+02    0.52200E+02    0.28677E+02    0.63233E+02
   0.69534E+02    0.52200E+02    0.28677E+02    0.63233E+02
   0.69534E+02    0.52200E+02    0.28677E+02    0.63232E+02
   0.69534E+02    0.52200E+02    0.28677E+02    0.63232E+02
   0.69534E+02    0.52200E+02    0.28677E+02    0.63232E+02
   0.69534E+02    0.52200E+02    0.28678E+02    0.63232E+02
   0.69534E+02    0.52200E+02    0.28678E+02    0.63232E+02
   0.69534E+02    0.52200E+02    0.28678E+02    0.63232E+02
   0.69534E+02    0.52200E+02    0.28678E+02    0.63232E+02
   0.69534E+02    0.52200E+02    0.28678E+02    0.63232E+02
   0.69534E+02    0.52200E+02    0.28678E+02    0.63232E+02
   0.69534E+02    0.52200E+02    0.28678E+02    0.63232E+02
   0.69534E+02    0.52200E+02    0.28678E+02    0.63232E+02
   0.69534E+02    0.52200E+02    0.28679E+02    0.63232E+02
   0.69534E+02    0.52200E+02    0.28679E+02    0.63232E+02
   0.69534E+02    0.52200E+02    0.28679E+02    0.63232E+02
   0.69534E+02    0.52200E+02    0.28679E+02    0.63232E+02
   0.69534E+02    0.52200E+02    0.28679E+02    0.63232E+02
   0.69534E+02    0.52200E+02    0.28679E+02    0.63232E+02
   0.69534E+02    0.52200E+02    0.28680E+02    0.63232E+02
   0.69534E+02    0.52200E+02    0.28680E+02    0.63232E+02
   0.69534E+02    0.52200E+02    0.28680E+02    0.63232E+02
   0.69534E+02    0.52200E+02    0.28680E+02    0.63232E+02
   0.69534E+02    0.52200E+02    0.28680E+02    0.63232E+02
   0.69534E+02    0.52200E+02    0.28680E+02    0.63232E+02
   0.69534E+02    0.52200E+02    0.28681E+02    0.63232E+02
   0.69534E+02    0.52200E+02    0.28681E+02    0.63232E+02
   0.69534E+02    0.52200E+02    0.28681E+02    0.63232E+02
   0.69534E+02    0.52200E+02    0.28681E+02    0.63232E+02
   0.69534E+02    0.52200E+02    0.28681E+02    0.63232E+02
   0.69534E+02    0.52200E+02    0.28681E+02    0.63232E+02
   0.69534E+02    0.52200E+02    0.28681E+02    0.63232E+02
   0.69534E+02    0.52200E+02    0.28681E+02    0.63232E+02
   0.69534E+02    0.52200E+02    0.28682E+02    0.63232E+02
   0.69534E+02    0.52200E+02    0.28682E+02    0.63232E+02
   0.69534E+02    0.52200E+02    0.28682E+02    0.63232E+02
   0.69534E+02    0.52200E+02    0.28682E+02    0.63232E+02
   0.69534E+02    0.52200E+02    0.28682E+02    0.63232E+02
   0.69534E+02    0.52200E+02    0.28682E+02    0.63232E+02
   0.69534E+02    0.52200E+02    0.28682E+02    0.63232E+02
   0.69534E+02    0.52200E+02    0.28682E+02    0.63232E+02
   0.69534E+02    0.52200E+02    0.28682E+02    0.63232E+02
   0.69534E+02    0.52200E+02    0.28682E+02    0.63232E+02
   0.69534E+02    0.52200E+02    0.28682E+02    0.63232E+02
   0.69534E+02    0.52200E+02    0.28682E+02    0.63232E+02
   0.69534E+02    0.52200E+02    0.28682E+02    0.63232E+02
   0.69534E+02    0.52200E+02    0.28682E+02    0.63232E+02
   0.69534E+02    0.52200E+02    0.28682E+02    0.63232E+02
   0.69534E+02    0.52200E+02    0.28682E+02    0.63232E+02
   0.69534E+02    0.52200E+02    0.28682E+02    0.63232E+02
   0.69534E+02    0.52200E+02    0.28682E+02    0.63233E+02
   0.69534E+02    0.52200E+02    0.28682E+02    0.63233E+02
   0.69534E+02    0.52200E+02    0.28682E+02    0.63233E+02
   0.69534E+02    0.52200E+02    0.28681E+02    0.63233E+02
   0.69534E+02    0.52200E+02    0.28681E+02    0.63233E+02
   0.69534E+02    0.52200E+02    0.28681E+02    0.63233E+02
   0.69534E+02    0.52200E+02    0.28681E+02    0.63233E+02
   0.69534E+02    0.52200E+02    0.28681E+02    0.63233E+02
   0.69534E+02    0.52200E+02    0.28681E+02    0.63233E+02
   0.69534E+02    0.52200E+02    0.28681E+02    0.63233E+02
   0.69534E+02    0.52200E+02    0.28681E+02    0.63233E+02
   0.69534E+02    0.52200E+02    0.28681E+02    0.63233E+02
   0.69534E+02    0.52200E+02    0.28681E+02    0.63233E+02
   0.69534E+02    0.52200E+02    0.28681E+02    0.63233E+02
   0.69534E+02    0.52200E+02    0.28681E+02    0.63233E+02
   0.69534E+02    0.52200E+02    0.28680E+02    0.63233E+02
   0.69534E+02    0.52200E+02    0.28680E+02    0.63233E+02
   0.69534E+02    0.52200E+02    0.28680E+02    0.63233E+02
   0.69534E+02    0.52200E+02    0.28680E+02    0.63233E+02
   0.69534E+02    0.52200E+02    0.28680E+02    0.63233E+02
   0.69534E+02    0.52200E+02    0.28680E+02    0.63233E+02
   0.69534E+02    0.52200E+02    0.28680E+02    0.63233E+02
   0.69534E+02    0.52200E+02    0.28680E+02    0.63233E+02
   0.69534E+02    0.52200E+02    0.28680E+02    0.63233E+02
   0.69534E+02    0.52200E+02    0.28680E+02    0.63233E+02
   0.69534E+02    0.52200E+02    0.28680E+02    0.63233E+02
   0.69534E+02    0.52200E+02    0.28680E+02    0.63233E+02
   0.69534E+02    0.52200E+02    0.28680E+02    0.63233E+02
   0.69534E+02    0.52200E+02    0.28680E+02    0.63233E+02
   0.69534E+02    0.52200E+02    0.28680E+02    0.63233E+02
   0.69534E+02    0.52200E+02    0.28680E+02    0.63233E+02
   0.69534E+02    0.52200E+02    0.28679E+02    0.63233E+02
   0.69534E+02    0.52200E+02    0.28679E+02    0.63233E+02
   0.69534E+02    0.52200E+02    0.28679E+02    0.63233E+02
   0.69534E+02    0.52200E+02    0.28679E+02    0.63233E+02
   0.69534E+02    0.52200E+02    0.28679E+02    0.63233E+02
   0.69534E+02    0.52200E+02    0.28679E+02    0.63232E+02
   0.69534E+02    0.52200E+02    0.28680E+02    0.63232E+02
   0.69534E+02    0.52200E+02    0.28680E+02    0.63232E+02
   0.69534E+02    0.52200E+02    0.28680E+02    0.63232E+02
   0.69534E+02    0.52200E+02    0.28680E+02    0.63232E+02
   0.69534E+02    0.52200E+02    0.28680E+02    0.63232E+02
   0.69534E+02    0.52200E+02    0.28680E+02    0.63232E+02
   0.69534E+02    0.52200E+02    0.28680E+02    0.63232E+02
   0.69534E+02    0.52200E+02    0.28680E+02    0.63232E+02
   0.69534E+02    0.52200E+02    0.28680E+02    0.63232E+02
   0.69534E+02    0.52200E+02    0.28680E+02    0.63232E+02
   0.69534E+02    0.52200E+02    0.28680E+02    0.63232E+02
   0.69534E+02    0.52200E+02    0.28680E+02    0.63232E+02
   0.69534E+02    0.52200E+02    0.28680E+02    0.63232E+02
   0.69534E+02    0.52200E+02    0.28680E+02    0.63232E+02
   0.69534E+02    0.52200E+02    0.28680E+02    0.63232E+02
   0.69534E+02    0.52200E+02    0.28680E+02    0.63232E+02
   0.69534E+02    0.52200E+02    0.28680E+02    0.63232E+02
   0.69534E+02    0.52200E+02    0.28680E+02    0.63232E+02
   0.69534E+02    0.52200E+02    0.28680E+02    0.63232E+02
   0.69534E+02    0.52200E+02    0.28680E+02    0.63232E+02
   0.69534E+02    0.52200E+02    0.28680E+02    0.63232E+02
   0.69534E+02    0.52200E+02    0.28680E+02    0.63232E+02
   0.69534E+02    0.52200E+02    0.28680E+02    0.63232E+02
   0.69534E+02    0.52200E+02    0.28680E+02    0.63232E+02
   0.69534E+02    0.52200E+02    0.28680E+02    0.63232E+02
   0.69534E+02    0.52200E+02    0.28680E+02    0.63232E+02
   0.69534E+02    0.52200E+02    0.28681E+02    0.63232E+02
   0.69534E+02    0.52200E+02    0.28681E+02    0.63232E+02
   0.69534E+02    0.52200E+02    0.28681E+02    0.63232E+02
   0.69534E+02    0.52200E+02    0.28681E+02    0.63232E+02
   0.69534E+02    0.52200E+02    0.28681E+02    0.63232E+02
   0.69534E+02    0.52200E+02    0.28681E+02    0.63232E+02
   0.69534E+02    0.52200E+02    0.28681E+02    0.63232E+02
   0.69534E+02    0.52200E+02    0.28681E+02    0.63232E+02
   0.69534E+02    0.52200E+02    0.28681E+02    0.63232E+02
   0.69534E+02    0.52200E+02    0.28681E+02    0.63232E+02
   0.69534E+02    0.52200E+02    0.28681E+02    0.63232E+02
   0.69534E+02    0.52200E+02    0.28681E+02    0.63232E+02
   0.69534E+02    0.52200E+02    0.28681E+02    0.63232E+02
   0.69534E+02    0.52200E+02    0.28681E+02    0.63232E+02
   0.69534E+02    0.52200E+02    0.28681E+02    0.63232E+02
   0.69534E+02    0.52200E+02    0.28681E+02    0.63232E+02
   0.69534E+02    0.52200E+02    0.28681E+02    0.63232E+02
   0.69534E+02    0.52200E+02    0.28681E+02    0.63232E+02
   0.69534E+02    0.52200E+02    0.28681E+02    0.63232E+02
   0.69534E+02    0.52200E+02    0.28681E+02    0.63232E+02
   0.69534E+02    0.52200E+02    0.28681E+02    0.63232E+02
   0.69534E+02    0.52200E+02    0.28681E+02    0.63232E+02
   0.69534E+02    0.52200E+02    0.28681E+02    0.63232E+02
