   0.17866E-01    0.83570E+00    0.98577E-01    0.53724E+02
   0.17866E-01    0.83570E+00    0.98577E-01    0.53724E+02
   0.17866E-01    0.83570E+00    0.98577E-01    0.53724E+02
   0.17866E-01    0.83570E+00    0.98577E-01    0.53724E+02
   0.17866E-01    0.83570E+00    0.98577E-01    0.53724E+02
  -0.42134E-01    0.77570E+00    0.38577E-01    0.50724E+02
  -0.42134E-01    0.77570E+00    0.38577E-01    0.50724E+02
  -0.42134E-01    0.77570E+00    0.38577E-01    0.50724E+02
  -0.42134E-01    0.77570E+00    0.38577E-01    0.50724E+02
  -0.42134E-01    0.77570E+00    0.38577E-01    0.50724E+02
  -0.41057E-01    0.84488E+00    0.45659E-01    0.50876E+02
  -0.41057E-01    0.84488E+00    0.45659E-01    0.50876E+02
  -0.41057E-01    0.84488E+00    0.45659E-01    0.50876E+02
  -0.41057E-01    0.84488E+00    0.45659E-01    0.50876E+02
  -0.41057E-01    0.84488E+00    0.45659E-01    0.50876E+02
  -0.44448E-01    0.71415E+00    0.34455E-01    0.50466E+02
  -0.44448E-01    0.71415E+00    0.34455E-01    0.50466E+02
  -0.44448E-01    0.71415E+00    0.34455E-01    0.50466E+02
  -0.44448E-01    0.71415E+00    0.34455E-01    0.50466E+02
  -0.44448E-01    0.71415E+00    0.34455E-01    0.50466E+02
  -0.44417E-01    0.70767E+00    0.37543E-01    0.50340E+02
  -0.44417E-01    0.70767E+00    0.37543E-01    0.50340E+02
  -0.44417E-01    0.70767E+00    0.37543E-01    0.50340E+02
  -0.44417E-01    0.70767E+00    0.37543E-01    0.50340E+02
  -0.44417E-01    0.70767E+00    0.37543E-01    0.50340E+02
  -0.43541E-01    0.73323E+00    0.42289E-01    0.50399E+02
  -0.43541E-01    0.73323E+00    0.42289E-01    0.50399E+02
  -0.43541E-01    0.73323E+00    0.42289E-01    0.50399E+02
  -0.43541E-01    0.73323E+00    0.42289E-01    0.50399E+02
  -0.43541E-01    0.73323E+00    0.42289E-01    0.50399E+02
  -0.41635E-01    0.79695E+00    0.48498E-01    0.50577E+02
  -0.41635E-01    0.79695E+00    0.48498E-01    0.50577E+02
  -0.41635E-01    0.79695E+00    0.48498E-01    0.50577E+02
  -0.41635E-01    0.79695E+00    0.48498E-01    0.50577E+02
  -0.41635E-01    0.79695E+00    0.48498E-01    0.50577E+02
  -0.38509E-01    0.90100E+00    0.55722E-01    0.50841E+02
  -0.38509E-01    0.90100E+00    0.55722E-01    0.50841E+02
  -0.38509E-01    0.90100E+00    0.55722E-01    0.50841E+02
  -0.38509E-01    0.90100E+00    0.55722E-01    0.50841E+02
  -0.38509E-01    0.90100E+00    0.55722E-01    0.50841E+02
  -0.34458E-01    0.10298E+01    0.61920E-01    0.51168E+02
  -0.34458E-01    0.10298E+01    0.61920E-01    0.51168E+02
  -0.34458E-01    0.10298E+01    0.61920E-01    0.51168E+02
  -0.34458E-01    0.10298E+01    0.61920E-01    0.51168E+02
  -0.34458E-01    0.10298E+01    0.61920E-01    0.51168E+02
  -0.30079E-01    0.11598E+01    0.65399E-01    0.51542E+02
  -0.30079E-01    0.11598E+01    0.65399E-01    0.51542E+02
  -0.30079E-01    0.11598E+01    0.65399E-01    0.51542E+02
  -0.30079E-01    0.11598E+01    0.65399E-01    0.51542E+02
  -0.30079E-01    0.11598E+01    0.65399E-01    0.51542E+02
  -0.26373E-01    0.12619E+01    0.65179E-01    0.51956E+02
  -0.26373E-01    0.12619E+01    0.65179E-01    0.51956E+02
  -0.26373E-01    0.12619E+01    0.65179E-01    0.51956E+02
  -0.26373E-01    0.12619E+01    0.65179E-01    0.51956E+02
  -0.26373E-01    0.12619E+01    0.65179E-01    0.51956E+02
  -0.24360E-01    0.13135E+01    0.61497E-01    0.52390E+02
  -0.24360E-01    0.13135E+01    0.61497E-01    0.52390E+02
  -0.24360E-01    0.13135E+01    0.61497E-01    0.52390E+02
  -0.24360E-01    0.13135E+01    0.61497E-01    0.52390E+02
  -0.24360E-01    0.13135E+01    0.61497E-01    0.52390E+02
  -0.24496E-01    0.13067E+01    0.55491E-01    0.52800E+02
  -0.24496E-01    0.13067E+01    0.55491E-01    0.52800E+02
  -0.24496E-01    0.13067E+01    0.55491E-01    0.52800E+02
  -0.24496E-01    0.13067E+01    0.55491E-01    0.52800E+02
  -0.24496E-01    0.13067E+01    0.55491E-01    0.52800E+02
  -0.26525E-01    0.12481E+01    0.48493E-01    0.53131E+02
  -0.26525E-01    0.12481E+01    0.48493E-01    0.53131E+02
  -0.26525E-01    0.12481E+01    0.48493E-01    0.53131E+02
  -0.26525E-01    0.12481E+01    0.48493E-01    0.53131E+02
  -0.26525E-01    0.12481E+01    0.48493E-01    0.53131E+02
  -0.29775E-01    0.11522E+01    0.41504E-01    0.53330E+02
  -0.29775E-01    0.11522E+01    0.41504E-01    0.53330E+02
  -0.29775E-01    0.11522E+01    0.41504E-01    0.53330E+02
  -0.29775E-01    0.11522E+01    0.41504E-01    0.53330E+02
  -0.29775E-01    0.11522E+01    0.41504E-01    0.53330E+02
  -0.33264E-01    0.10462E+01    0.36085E-01    0.53379E+02
  -0.33264E-01    0.10462E+01    0.36085E-01    0.53379E+02
  -0.33264E-01    0.10462E+01    0.36085E-01    0.53379E+02
  -0.33264E-01    0.10462E+01    0.36085E-01    0.53379E+02
  -0.33264E-01    0.10462E+01    0.36085E-01    0.53379E+02
  -0.36358E-01    0.95022E+00    0.33181E-01    0.53287E+02
  -0.36358E-01    0.95022E+00    0.33181E-01    0.53287E+02
  -0.36358E-01    0.95022E+00    0.33181E-01    0.53287E+02
  -0.36358E-01    0.95022E+00    0.33181E-01    0.53287E+02
  -0.36358E-01    0.95022E+00    0.33181E-01    0.53287E+02
  -0.39260E-01    0.85073E+00    0.30767E-01    0.53071E+02
  -0.39260E-01    0.85073E+00    0.30767E-01    0.53071E+02
  -0.39260E-01    0.85073E+00    0.30767E-01    0.53071E+02
  -0.39260E-01    0.85073E+00    0.30767E-01    0.53071E+02
  -0.39260E-01    0.85073E+00    0.30767E-01    0.53071E+02
  -0.41824E-01    0.75243E+00    0.28321E-01    0.52790E+02
  -0.41824E-01    0.75243E+00    0.28321E-01    0.52790E+02
  -0.41824E-01    0.75243E+00    0.28321E-01    0.52790E+02
  -0.41824E-01    0.75243E+00    0.28321E-01    0.52790E+02
  -0.41824E-01    0.75243E+00    0.28321E-01    0.52790E+02
  -0.43873E-01    0.66536E+00    0.25995E-01    0.52520E+02
  -0.43873E-01    0.66536E+00    0.25995E-01    0.52520E+02
  -0.43873E-01    0.66536E+00    0.25995E-01    0.52520E+02
  -0.43873E-01    0.66536E+00    0.25995E-01    0.52520E+02
  -0.43873E-01    0.66536E+00    0.25995E-01    0.52520E+02
  -0.45329E-01    0.59793E+00    0.24194E-01    0.52331E+02
  -0.45329E-01    0.59793E+00    0.24194E-01    0.52331E+02
  -0.45329E-01    0.59793E+00    0.24194E-01    0.52331E+02
  -0.45329E-01    0.59793E+00    0.24194E-01    0.52331E+02
  -0.45329E-01    0.59793E+00    0.24194E-01    0.52331E+02
  -0.46208E-01    0.55396E+00    0.23328E-01    0.52255E+02
  -0.46208E-01    0.55396E+00    0.23328E-01    0.52255E+02
  -0.46208E-01    0.55396E+00    0.23328E-01    0.52255E+02
  -0.46208E-01    0.55396E+00    0.23328E-01    0.52255E+02
  -0.46208E-01    0.55396E+00    0.23328E-01    0.52255E+02
  -0.46473E-01    0.53510E+00    0.23773E-01    0.52294E+02
  -0.46473E-01    0.53510E+00    0.23773E-01    0.52294E+02
  -0.46473E-01    0.53510E+00    0.23773E-01    0.52294E+02
  -0.46473E-01    0.53510E+00    0.23773E-01    0.52294E+02
  -0.46473E-01    0.53510E+00    0.23773E-01    0.52294E+02
  -0.46072E-01    0.54197E+00    0.25627E-01    0.52432E+02
  -0.46072E-01    0.54197E+00    0.25627E-01    0.52432E+02
  -0.46072E-01    0.54197E+00    0.25627E-01    0.52432E+02
  -0.46072E-01    0.54197E+00    0.25627E-01    0.52432E+02
  -0.46072E-01    0.54197E+00    0.25627E-01    0.52432E+02
  -0.44950E-01    0.57477E+00    0.28758E-01    0.52649E+02
  -0.44950E-01    0.57477E+00    0.28758E-01    0.52649E+02
  -0.44950E-01    0.57477E+00    0.28758E-01    0.52649E+02
  -0.44950E-01    0.57477E+00    0.28758E-01    0.52649E+02
  -0.44950E-01    0.57477E+00    0.28758E-01    0.52649E+02
  -0.43098E-01    0.63137E+00    0.32643E-01    0.52922E+02
  -0.43098E-01    0.63137E+00    0.32643E-01    0.52922E+02
  -0.43098E-01    0.63137E+00    0.32643E-01    0.52922E+02
  -0.43098E-01    0.63137E+00    0.32643E-01    0.52922E+02
  -0.43098E-01    0.63137E+00    0.32643E-01    0.52922E+02
  -0.40618E-01    0.70664E+00    0.36577E-01    0.53231E+02
  -0.40618E-01    0.70664E+00    0.36577E-01    0.53231E+02
  -0.40618E-01    0.70664E+00    0.36577E-01    0.53231E+02
  -0.40618E-01    0.70664E+00    0.36577E-01    0.53231E+02
  -0.40618E-01    0.70664E+00    0.36577E-01    0.53231E+02
  -0.37806E-01    0.79171E+00    0.39939E-01    0.53562E+02
  -0.37806E-01    0.79171E+00    0.39939E-01    0.53562E+02
  -0.37806E-01    0.79171E+00    0.39939E-01    0.53562E+02
  -0.37806E-01    0.79171E+00    0.39939E-01    0.53562E+02
  -0.37806E-01    0.79171E+00    0.39939E-01    0.53562E+02
  -0.35130E-01    0.87487E+00    0.42360E-01    0.53898E+02
  -0.35130E-01    0.87487E+00    0.42360E-01    0.53898E+02
  -0.35130E-01    0.87487E+00    0.42360E-01    0.53898E+02
  -0.35130E-01    0.87487E+00    0.42360E-01    0.53898E+02
  -0.35130E-01    0.87487E+00    0.42360E-01    0.53898E+02
  -0.33130E-01    0.94350E+00    0.43710E-01    0.54208E+02
  -0.33130E-01    0.94350E+00    0.43710E-01    0.54208E+02
  -0.33130E-01    0.94350E+00    0.43710E-01    0.54208E+02
  -0.33130E-01    0.94350E+00    0.43710E-01    0.54208E+02
  -0.33130E-01    0.94350E+00    0.43710E-01    0.54208E+02
  -0.32211E-01    0.98631E+00    0.43961E-01    0.54457E+02
  -0.32211E-01    0.98631E+00    0.43961E-01    0.54457E+02
  -0.32211E-01    0.98631E+00    0.43961E-01    0.54457E+02
  -0.32211E-01    0.98631E+00    0.43961E-01    0.54457E+02
  -0.32211E-01    0.98631E+00    0.43961E-01    0.54457E+02
  -0.32493E-01    0.99591E+00    0.43098E-01    0.54604E+02
  -0.32493E-01    0.99591E+00    0.43098E-01    0.54604E+02
  -0.32493E-01    0.99591E+00    0.43098E-01    0.54604E+02
  -0.32493E-01    0.99591E+00    0.43098E-01    0.54604E+02
  -0.32493E-01    0.99591E+00    0.43098E-01    0.54604E+02
  -0.33800E-01    0.97116E+00    0.41160E-01    0.54627E+02
  -0.33800E-01    0.97116E+00    0.41160E-01    0.54627E+02
  -0.33800E-01    0.97116E+00    0.41160E-01    0.54627E+02
  -0.33800E-01    0.97116E+00    0.41160E-01    0.54627E+02
  -0.33800E-01    0.97116E+00    0.41160E-01    0.54627E+02
  -0.35771E-01    0.91805E+00    0.38344E-01    0.54529E+02
  -0.35771E-01    0.91805E+00    0.38344E-01    0.54529E+02
  -0.35771E-01    0.91805E+00    0.38344E-01    0.54529E+02
  -0.35771E-01    0.91805E+00    0.38344E-01    0.54529E+02
  -0.35771E-01    0.91805E+00    0.38344E-01    0.54529E+02
  -0.38000E-01    0.84777E+00    0.35039E-01    0.54338E+02
  -0.38000E-01    0.84777E+00    0.35039E-01    0.54338E+02
  -0.38000E-01    0.84777E+00    0.35039E-01    0.54338E+02
  -0.38000E-01    0.84777E+00    0.35039E-01    0.54338E+02
  -0.38000E-01    0.84777E+00    0.35039E-01    0.54338E+02
  -0.40136E-01    0.77298E+00    0.31733E-01    0.54097E+02
  -0.40136E-01    0.77298E+00    0.31733E-01    0.54097E+02
  -0.40136E-01    0.77298E+00    0.31733E-01    0.54097E+02
  -0.40136E-01    0.77298E+00    0.31733E-01    0.54097E+02
  -0.40136E-01    0.77298E+00    0.31733E-01    0.54097E+02
  -0.41940E-01    0.70453E+00    0.28893E-01    0.53857E+02
  -0.41940E-01    0.70453E+00    0.28893E-01    0.53857E+02
  -0.41940E-01    0.70453E+00    0.28893E-01    0.53857E+02
  -0.41940E-01    0.70453E+00    0.28893E-01    0.53857E+02
  -0.41940E-01    0.70453E+00    0.28893E-01    0.53857E+02
  -0.43280E-01    0.64980E+00    0.26873E-01    0.53659E+02
  -0.43280E-01    0.64980E+00    0.26873E-01    0.53659E+02
  -0.43280E-01    0.64980E+00    0.26873E-01    0.53659E+02
  -0.43280E-01    0.64980E+00    0.26873E-01    0.53659E+02
  -0.43280E-01    0.64980E+00    0.26873E-01    0.53659E+02
  -0.44105E-01    0.61283E+00    0.25885E-01    0.53529E+02
  -0.44105E-01    0.61283E+00    0.25885E-01    0.53529E+02
  -0.44105E-01    0.61283E+00    0.25885E-01    0.53529E+02
  -0.44105E-01    0.61283E+00    0.25885E-01    0.53529E+02
  -0.44105E-01    0.61283E+00    0.25885E-01    0.53529E+02
  -0.44407E-01    0.59511E+00    0.26012E-01    0.53479E+02
  -0.44407E-01    0.59511E+00    0.26012E-01    0.53479E+02
  -0.44407E-01    0.59511E+00    0.26012E-01    0.53479E+02
  -0.44407E-01    0.59511E+00    0.26012E-01    0.53479E+02
  -0.44407E-01    0.59511E+00    0.26012E-01    0.53479E+02
  -0.44201E-01    0.59660E+00    0.27230E-01    0.53504E+02
  -0.44201E-01    0.59660E+00    0.27230E-01    0.53504E+02
  -0.44201E-01    0.59660E+00    0.27230E-01    0.53504E+02
  -0.44201E-01    0.59660E+00    0.27230E-01    0.53504E+02
  -0.44201E-01    0.59660E+00    0.27230E-01    0.53504E+02
  -0.43514E-01    0.61622E+00    0.29425E-01    0.53590E+02
  -0.43514E-01    0.61622E+00    0.29425E-01    0.53590E+02
  -0.43514E-01    0.61622E+00    0.29425E-01    0.53590E+02
  -0.43514E-01    0.61622E+00    0.29425E-01    0.53590E+02
  -0.43514E-01    0.61622E+00    0.29425E-01    0.53590E+02
  -0.42394E-01    0.65203E+00    0.32409E-01    0.53720E+02
  -0.42394E-01    0.65203E+00    0.32409E-01    0.53720E+02
  -0.42394E-01    0.65203E+00    0.32409E-01    0.53720E+02
  -0.42394E-01    0.65203E+00    0.32409E-01    0.53720E+02
  -0.42394E-01    0.65203E+00    0.32409E-01    0.53720E+02
  -0.40924E-01    0.70102E+00    0.35931E-01    0.53875E+02
  -0.40924E-01    0.70102E+00    0.35931E-01    0.53875E+02
  -0.40924E-01    0.70102E+00    0.35931E-01    0.53875E+02
  -0.40924E-01    0.70102E+00    0.35931E-01    0.53875E+02
  -0.40924E-01    0.70102E+00    0.35931E-01    0.53875E+02
  -0.39241E-01    0.75877E+00    0.39692E-01    0.54038E+02
  -0.39241E-01    0.75877E+00    0.39692E-01    0.54038E+02
  -0.39241E-01    0.75877E+00    0.39692E-01    0.54038E+02
  -0.39241E-01    0.75877E+00    0.39692E-01    0.54038E+02
  -0.39241E-01    0.75877E+00    0.39692E-01    0.54038E+02
  -0.37538E-01    0.81937E+00    0.43365E-01    0.54191E+02
  -0.37538E-01    0.81937E+00    0.43365E-01    0.54191E+02
  -0.37538E-01    0.81937E+00    0.43365E-01    0.54191E+02
  -0.37538E-01    0.81937E+00    0.43365E-01    0.54191E+02
  -0.37538E-01    0.81937E+00    0.43365E-01    0.54191E+02
  -0.36040E-01    0.87570E+00    0.46605E-01    0.54318E+02
  -0.36040E-01    0.87570E+00    0.46605E-01    0.54318E+02
  -0.36040E-01    0.87570E+00    0.46605E-01    0.54318E+02
  -0.36040E-01    0.87570E+00    0.46605E-01    0.54318E+02
  -0.36040E-01    0.87570E+00    0.46605E-01    0.54318E+02
  -0.34966E-01    0.92040E+00    0.49084E-01    0.54407E+02
  -0.34966E-01    0.92040E+00    0.49084E-01    0.54407E+02
  -0.34966E-01    0.92040E+00    0.49084E-01    0.54407E+02
  -0.34966E-01    0.92040E+00    0.49084E-01    0.54407E+02
  -0.34966E-01    0.92040E+00    0.49084E-01    0.54407E+02
  -0.34461E-01    0.94735E+00    0.50534E-01    0.54447E+02
  -0.34461E-01    0.94735E+00    0.50534E-01    0.54447E+02
  -0.34461E-01    0.94735E+00    0.50534E-01    0.54447E+02
  -0.34461E-01    0.94735E+00    0.50534E-01    0.54447E+02
  -0.34461E-01    0.94735E+00    0.50534E-01    0.54447E+02
  -0.34565E-01    0.95333E+00    0.50818E-01    0.54434E+02
  -0.34565E-01    0.95333E+00    0.50818E-01    0.54434E+02
  -0.34565E-01    0.95333E+00    0.50818E-01    0.54434E+02
  -0.34565E-01    0.95333E+00    0.50818E-01    0.54434E+02
  -0.34565E-01    0.95333E+00    0.50818E-01    0.54434E+02
  -0.35198E-01    0.93907E+00    0.49994E-01    0.54373E+02
  -0.35198E-01    0.93907E+00    0.49994E-01    0.54373E+02
  -0.35198E-01    0.93907E+00    0.49994E-01    0.54373E+02
  -0.35198E-01    0.93907E+00    0.49994E-01    0.54373E+02
  -0.35198E-01    0.93907E+00    0.49994E-01    0.54373E+02
  -0.36193E-01    0.90905E+00    0.48321E-01    0.54273E+02
  -0.36193E-01    0.90905E+00    0.48321E-01    0.54273E+02
  -0.36193E-01    0.90905E+00    0.48321E-01    0.54273E+02
  -0.36193E-01    0.90905E+00    0.48321E-01    0.54273E+02
  -0.36193E-01    0.90905E+00    0.48321E-01    0.54273E+02
  -0.37347E-01    0.87004E+00    0.46194E-01    0.54153E+02
  -0.37347E-01    0.87004E+00    0.46194E-01    0.54153E+02
  -0.37347E-01    0.87004E+00    0.46194E-01    0.54153E+02
  -0.37347E-01    0.87004E+00    0.46194E-01    0.54153E+02
  -0.37347E-01    0.87004E+00    0.46194E-01    0.54153E+02
  -0.38470E-01    0.82921E+00    0.44038E-01    0.54028E+02
  -0.38470E-01    0.82921E+00    0.44038E-01    0.54028E+02
  -0.38470E-01    0.82921E+00    0.44038E-01    0.54028E+02
  -0.38470E-01    0.82921E+00    0.44038E-01    0.54028E+02
  -0.38470E-01    0.82921E+00    0.44038E-01    0.54028E+02
  -0.39421E-01    0.79258E+00    0.42216E-01    0.53917E+02
  -0.39421E-01    0.79258E+00    0.42216E-01    0.53917E+02
  -0.39421E-01    0.79258E+00    0.42216E-01    0.53917E+02
  -0.39421E-01    0.79258E+00    0.42216E-01    0.53917E+02
  -0.39421E-01    0.79258E+00    0.42216E-01    0.53917E+02
  -0.40106E-01    0.76434E+00    0.40974E-01    0.53832E+02
  -0.40106E-01    0.76434E+00    0.40974E-01    0.53832E+02
  -0.40106E-01    0.76434E+00    0.40974E-01    0.53832E+02
  -0.40106E-01    0.76434E+00    0.40974E-01    0.53832E+02
  -0.40106E-01    0.76434E+00    0.40974E-01    0.53832E+02
  -0.40484E-01    0.74683E+00    0.40439E-01    0.53780E+02
  -0.40484E-01    0.74683E+00    0.40439E-01    0.53780E+02
  -0.40484E-01    0.74683E+00    0.40439E-01    0.53780E+02
  -0.40484E-01    0.74683E+00    0.40439E-01    0.53780E+02
  -0.40484E-01    0.74683E+00    0.40439E-01    0.53780E+02
  -0.40545E-01    0.74087E+00    0.40630E-01    0.53764E+02
  -0.40545E-01    0.74087E+00    0.40630E-01    0.53764E+02
  -0.40545E-01    0.74087E+00    0.40630E-01    0.53764E+02
  -0.40545E-01    0.74087E+00    0.40630E-01    0.53764E+02
  -0.40545E-01    0.74087E+00    0.40630E-01    0.53764E+02
  -0.40307E-01    0.74610E+00    0.41489E-01    0.53780E+02
  -0.40307E-01    0.74610E+00    0.41489E-01    0.53780E+02
  -0.40307E-01    0.74610E+00    0.41489E-01    0.53780E+02
  -0.40307E-01    0.74610E+00    0.41489E-01    0.53780E+02
  -0.40307E-01    0.74610E+00    0.41489E-01    0.53780E+02
  -0.39812E-01    0.76124E+00    0.42895E-01    0.53821E+02
  -0.39812E-01    0.76124E+00    0.42895E-01    0.53821E+02
  -0.39812E-01    0.76124E+00    0.42895E-01    0.53821E+02
  -0.39812E-01    0.76124E+00    0.42895E-01    0.53821E+02
  -0.39812E-01    0.76124E+00    0.42895E-01    0.53821E+02
  -0.39120E-01    0.78423E+00    0.44683E-01    0.53880E+02
  -0.39120E-01    0.78423E+00    0.44683E-01    0.53880E+02
  -0.39120E-01    0.78423E+00    0.44683E-01    0.53880E+02
  -0.39120E-01    0.78423E+00    0.44683E-01    0.53880E+02
  -0.39120E-01    0.78423E+00    0.44683E-01    0.53880E+02
  -0.38313E-01    0.81232E+00    0.46659E-01    0.53947E+02
  -0.38313E-01    0.81232E+00    0.46659E-01    0.53947E+02
  -0.38313E-01    0.81232E+00    0.46659E-01    0.53947E+02
  -0.38313E-01    0.81232E+00    0.46659E-01    0.53947E+02
  -0.38313E-01    0.81232E+00    0.46659E-01    0.53947E+02
  -0.37487E-01    0.84222E+00    0.48612E-01    0.54014E+02
  -0.37487E-01    0.84222E+00    0.48612E-01    0.54014E+02
  -0.37487E-01    0.84222E+00    0.48612E-01    0.54014E+02
  -0.37487E-01    0.84222E+00    0.48612E-01    0.54014E+02
  -0.37487E-01    0.84222E+00    0.48612E-01    0.54014E+02
  -0.36744E-01    0.87037E+00    0.50332E-01    0.54073E+02
  -0.36744E-01    0.87037E+00    0.50332E-01    0.54073E+02
  -0.36744E-01    0.87037E+00    0.50332E-01    0.54073E+02
  -0.36744E-01    0.87037E+00    0.50332E-01    0.54073E+02
  -0.36744E-01    0.87037E+00    0.50332E-01    0.54073E+02
  -0.36175E-01    0.89338E+00    0.51629E-01    0.54117E+02
  -0.36175E-01    0.89338E+00    0.51629E-01    0.54117E+02
  -0.36175E-01    0.89338E+00    0.51629E-01    0.54117E+02
  -0.36175E-01    0.89338E+00    0.51629E-01    0.54117E+02
  -0.36175E-01    0.89338E+00    0.51629E-01    0.54117E+02
  -0.35844E-01    0.90857E+00    0.52365E-01    0.54142E+02
  -0.35844E-01    0.90857E+00    0.52365E-01    0.54142E+02
  -0.35844E-01    0.90857E+00    0.52365E-01    0.54142E+02
  -0.35844E-01    0.90857E+00    0.52365E-01    0.54142E+02
  -0.35844E-01    0.90857E+00    0.52365E-01    0.54142E+02
  -0.35774E-01    0.91450E+00    0.52477E-01    0.54147E+02
  -0.35774E-01    0.91450E+00    0.52477E-01    0.54147E+02
  -0.35774E-01    0.91450E+00    0.52477E-01    0.54147E+02
  -0.35774E-01    0.91450E+00    0.52477E-01    0.54147E+02
  -0.35774E-01    0.91450E+00    0.52477E-01    0.54147E+02
  -0.35949E-01    0.91121E+00    0.51993E-01    0.54132E+02
  -0.35949E-01    0.91121E+00    0.51993E-01    0.54132E+02
  -0.35949E-01    0.91121E+00    0.51993E-01    0.54132E+02
  -0.35949E-01    0.91121E+00    0.51993E-01    0.54132E+02
  -0.35949E-01    0.91121E+00    0.51993E-01    0.54132E+02
  -0.36314E-01    0.90017E+00    0.51026E-01    0.54102E+02
  -0.36314E-01    0.90017E+00    0.51026E-01    0.54102E+02
  -0.36314E-01    0.90017E+00    0.51026E-01    0.54102E+02
  -0.36314E-01    0.90017E+00    0.51026E-01    0.54102E+02
  -0.36314E-01    0.90017E+00    0.51026E-01    0.54102E+02
  -0.36792E-01    0.88388E+00    0.49751E-01    0.54062E+02
  -0.36792E-01    0.88388E+00    0.49751E-01    0.54062E+02
  -0.36792E-01    0.88388E+00    0.49751E-01    0.54062E+02
  -0.36792E-01    0.88388E+00    0.49751E-01    0.54062E+02
  -0.36792E-01    0.88388E+00    0.49751E-01    0.54062E+02
  -0.37305E-01    0.86522E+00    0.48363E-01    0.54019E+02
  -0.37305E-01    0.86522E+00    0.48363E-01    0.54019E+02
  -0.37305E-01    0.86522E+00    0.48363E-01    0.54019E+02
  -0.37305E-01    0.86522E+00    0.48363E-01    0.54019E+02
  -0.37305E-01    0.86522E+00    0.48363E-01    0.54019E+02
  -0.37783E-01    0.84690E+00    0.47042E-01    0.53980E+02
  -0.37783E-01    0.84690E+00    0.47042E-01    0.53980E+02
  -0.37783E-01    0.84690E+00    0.47042E-01    0.53980E+02
  -0.37783E-01    0.84690E+00    0.47042E-01    0.53980E+02
  -0.37783E-01    0.84690E+00    0.47042E-01    0.53980E+02
  -0.38174E-01    0.83107E+00    0.45924E-01    0.53948E+02
  -0.38174E-01    0.83107E+00    0.45924E-01    0.53948E+02
  -0.38174E-01    0.83107E+00    0.45924E-01    0.53948E+02
  -0.38174E-01    0.83107E+00    0.45924E-01    0.53948E+02
  -0.38174E-01    0.83107E+00    0.45924E-01    0.53948E+02
  -0.38448E-01    0.81915E+00    0.45092E-01    0.53929E+02
  -0.38448E-01    0.81915E+00    0.45092E-01    0.53929E+02
  -0.38448E-01    0.81915E+00    0.45092E-01    0.53929E+02
  -0.38448E-01    0.81915E+00    0.45092E-01    0.53929E+02
  -0.38448E-01    0.81915E+00    0.45092E-01    0.53929E+02
  -0.38593E-01    0.81179E+00    0.44577E-01    0.53922E+02
  -0.38593E-01    0.81179E+00    0.44577E-01    0.53922E+02
  -0.38593E-01    0.81179E+00    0.44577E-01    0.53922E+02
  -0.38593E-01    0.81179E+00    0.44577E-01    0.53922E+02
  -0.38593E-01    0.81179E+00    0.44577E-01    0.53922E+02
  -0.38616E-01    0.80901E+00    0.44365E-01    0.53927E+02
  -0.38616E-01    0.80901E+00    0.44365E-01    0.53927E+02
  -0.38616E-01    0.80901E+00    0.44365E-01    0.53927E+02
  -0.38616E-01    0.80901E+00    0.44365E-01    0.53927E+02
  -0.38616E-01    0.80901E+00    0.44365E-01    0.53927E+02
  -0.38534E-01    0.81034E+00    0.44414E-01    0.53942E+02
  -0.38534E-01    0.81034E+00    0.44414E-01    0.53942E+02
  -0.38534E-01    0.81034E+00    0.44414E-01    0.53942E+02
  -0.38534E-01    0.81034E+00    0.44414E-01    0.53942E+02
  -0.38534E-01    0.81034E+00    0.44414E-01    0.53942E+02
  -0.38374E-01    0.81489E+00    0.44659E-01    0.53965E+02
  -0.38374E-01    0.81489E+00    0.44659E-01    0.53965E+02
  -0.38374E-01    0.81489E+00    0.44659E-01    0.53965E+02
  -0.38374E-01    0.81489E+00    0.44659E-01    0.53965E+02
  -0.38374E-01    0.81489E+00    0.44659E-01    0.53965E+02
  -0.38169E-01    0.82158E+00    0.45027E-01    0.53992E+02
  -0.38169E-01    0.82158E+00    0.45027E-01    0.53992E+02
  -0.38169E-01    0.82158E+00    0.45027E-01    0.53992E+02
  -0.38169E-01    0.82158E+00    0.45027E-01    0.53992E+02
  -0.38169E-01    0.82158E+00    0.45027E-01    0.53992E+02
  -0.37953E-01    0.82920E+00    0.45442E-01    0.54018E+02
  -0.37953E-01    0.82920E+00    0.45442E-01    0.54018E+02
  -0.37953E-01    0.82920E+00    0.45442E-01    0.54018E+02
  -0.37953E-01    0.82920E+00    0.45442E-01    0.54018E+02
  -0.37953E-01    0.82920E+00    0.45442E-01    0.54018E+02
  -0.37756E-01    0.83661E+00    0.45836E-01    0.54042E+02
  -0.37756E-01    0.83661E+00    0.45836E-01    0.54042E+02
  -0.37756E-01    0.83661E+00    0.45836E-01    0.54042E+02
  -0.37756E-01    0.83661E+00    0.45836E-01    0.54042E+02
  -0.37756E-01    0.83661E+00    0.45836E-01    0.54042E+02
  -0.37603E-01    0.84280E+00    0.46155E-01    0.54061E+02
  -0.37603E-01    0.84280E+00    0.46155E-01    0.54061E+02
  -0.37603E-01    0.84280E+00    0.46155E-01    0.54061E+02
  -0.37603E-01    0.84280E+00    0.46155E-01    0.54061E+02
  -0.37603E-01    0.84280E+00    0.46155E-01    0.54061E+02
  -0.37511E-01    0.84708E+00    0.46359E-01    0.54073E+02
  -0.37511E-01    0.84708E+00    0.46359E-01    0.54073E+02
  -0.37511E-01    0.84708E+00    0.46359E-01    0.54073E+02
  -0.37511E-01    0.84708E+00    0.46359E-01    0.54073E+02
  -0.37511E-01    0.84708E+00    0.46359E-01    0.54073E+02
  -0.37486E-01    0.84908E+00    0.46433E-01    0.54077E+02
  -0.37486E-01    0.84908E+00    0.46433E-01    0.54077E+02
  -0.37486E-01    0.84908E+00    0.46433E-01    0.54077E+02
  -0.37486E-01    0.84908E+00    0.46433E-01    0.54077E+02
  -0.37486E-01    0.84908E+00    0.46433E-01    0.54077E+02
  -0.37522E-01    0.84879E+00    0.46381E-01    0.54075E+02
  -0.37522E-01    0.84879E+00    0.46381E-01    0.54075E+02
  -0.37522E-01    0.84879E+00    0.46381E-01    0.54075E+02
  -0.37522E-01    0.84879E+00    0.46381E-01    0.54075E+02
  -0.37522E-01    0.84879E+00    0.46381E-01    0.54075E+02
  -0.37606E-01    0.84656E+00    0.46224E-01    0.54067E+02
  -0.37606E-01    0.84656E+00    0.46224E-01    0.54067E+02
  -0.37606E-01    0.84656E+00    0.46224E-01    0.54067E+02
  -0.37606E-01    0.84656E+00    0.46224E-01    0.54067E+02
  -0.37606E-01    0.84656E+00    0.46224E-01    0.54067E+02
  -0.37721E-01    0.84296E+00    0.45999E-01    0.54055E+02
  -0.37721E-01    0.84296E+00    0.45999E-01    0.54055E+02
  -0.37721E-01    0.84296E+00    0.45999E-01    0.54055E+02
  -0.37721E-01    0.84296E+00    0.45999E-01    0.54055E+02
  -0.37721E-01    0.84296E+00    0.45999E-01    0.54055E+02
  -0.37846E-01    0.83870E+00    0.45748E-01    0.54041E+02
  -0.37846E-01    0.83870E+00    0.45748E-01    0.54041E+02
  -0.37846E-01    0.83870E+00    0.45748E-01    0.54041E+02
  -0.37846E-01    0.83870E+00    0.45748E-01    0.54041E+02
  -0.37846E-01    0.83870E+00    0.45748E-01    0.54041E+02
  -0.37962E-01    0.83446E+00    0.45510E-01    0.54029E+02
  -0.37962E-01    0.83446E+00    0.45510E-01    0.54029E+02
  -0.37962E-01    0.83446E+00    0.45510E-01    0.54029E+02
  -0.37962E-01    0.83446E+00    0.45510E-01    0.54029E+02
  -0.37962E-01    0.83446E+00    0.45510E-01    0.54029E+02
  -0.38053E-01    0.83088E+00    0.45320E-01    0.54018E+02
  -0.38053E-01    0.83088E+00    0.45320E-01    0.54018E+02
  -0.38053E-01    0.83088E+00    0.45320E-01    0.54018E+02
  -0.38053E-01    0.83088E+00    0.45320E-01    0.54018E+02
  -0.38053E-01    0.83088E+00    0.45320E-01    0.54018E+02
  -0.38109E-01    0.82840E+00    0.45202E-01    0.54010E+02
  -0.38109E-01    0.82840E+00    0.45202E-01    0.54010E+02
  -0.38109E-01    0.82840E+00    0.45202E-01    0.54010E+02
  -0.38109E-01    0.82840E+00    0.45202E-01    0.54010E+02
  -0.38109E-01    0.82840E+00    0.45202E-01    0.54010E+02
  -0.38127E-01    0.82726E+00    0.45165E-01    0.54007E+02
  -0.38127E-01    0.82726E+00    0.45165E-01    0.54007E+02
  -0.38127E-01    0.82726E+00    0.45165E-01    0.54007E+02
  -0.38127E-01    0.82726E+00    0.45165E-01    0.54007E+02
  -0.38127E-01    0.82726E+00    0.45165E-01    0.54007E+02
  -0.38106E-01    0.82750E+00    0.45207E-01    0.54007E+02
  -0.38106E-01    0.82750E+00    0.45207E-01    0.54007E+02
  -0.38106E-01    0.82750E+00    0.45207E-01    0.54007E+02
  -0.38106E-01    0.82750E+00    0.45207E-01    0.54007E+02
  -0.38106E-01    0.82750E+00    0.45207E-01    0.54007E+02
  -0.38053E-01    0.82896E+00    0.45315E-01    0.54011E+02
  -0.38053E-01    0.82896E+00    0.45315E-01    0.54011E+02
  -0.38053E-01    0.82896E+00    0.45315E-01    0.54011E+02
  -0.38053E-01    0.82896E+00    0.45315E-01    0.54011E+02
  -0.38053E-01    0.82896E+00    0.45315E-01    0.54011E+02
  -0.37977E-01    0.83136E+00    0.45469E-01    0.54017E+02
  -0.37977E-01    0.83136E+00    0.45469E-01    0.54017E+02
  -0.37977E-01    0.83136E+00    0.45469E-01    0.54017E+02
  -0.37977E-01    0.83136E+00    0.45469E-01    0.54017E+02
  -0.37977E-01    0.83136E+00    0.45469E-01    0.54017E+02
  -0.37892E-01    0.83429E+00    0.45643E-01    0.54025E+02
  -0.37892E-01    0.83429E+00    0.45643E-01    0.54025E+02
  -0.37892E-01    0.83429E+00    0.45643E-01    0.54025E+02
  -0.37892E-01    0.83429E+00    0.45643E-01    0.54025E+02
  -0.37892E-01    0.83429E+00    0.45643E-01    0.54025E+02
  -0.37807E-01    0.83732E+00    0.45811E-01    0.54033E+02
  -0.37807E-01    0.83732E+00    0.45811E-01    0.54033E+02
  -0.37807E-01    0.83732E+00    0.45811E-01    0.54033E+02
  -0.37807E-01    0.83732E+00    0.45811E-01    0.54033E+02
  -0.37807E-01    0.83732E+00    0.45811E-01    0.54033E+02
  -0.37735E-01    0.84005E+00    0.45950E-01    0.54040E+02
  -0.37735E-01    0.84005E+00    0.45950E-01    0.54040E+02
  -0.37735E-01    0.84005E+00    0.45950E-01    0.54040E+02
  -0.37735E-01    0.84005E+00    0.45950E-01    0.54040E+02
  -0.37735E-01    0.84005E+00    0.45950E-01    0.54040E+02
  -0.37684E-01    0.84215E+00    0.46044E-01    0.54045E+02
  -0.37684E-01    0.84215E+00    0.46044E-01    0.54045E+02
  -0.37684E-01    0.84215E+00    0.46044E-01    0.54045E+02
  -0.37684E-01    0.84215E+00    0.46044E-01    0.54045E+02
  -0.37684E-01    0.84215E+00    0.46044E-01    0.54045E+02
  -0.37658E-01    0.84340E+00    0.46083E-01    0.54048E+02
  -0.37658E-01    0.84340E+00    0.46083E-01    0.54048E+02
  -0.37658E-01    0.84340E+00    0.46083E-01    0.54048E+02
  -0.37658E-01    0.84340E+00    0.46083E-01    0.54048E+02
  -0.37658E-01    0.84340E+00    0.46083E-01    0.54048E+02
  -0.37658E-01    0.84370E+00    0.46063E-01    0.54049E+02
  -0.37658E-01    0.84370E+00    0.46063E-01    0.54049E+02
  -0.37658E-01    0.84370E+00    0.46063E-01    0.54049E+02
  -0.37658E-01    0.84370E+00    0.46063E-01    0.54049E+02
  -0.37658E-01    0.84370E+00    0.46063E-01    0.54049E+02
  -0.37683E-01    0.84310E+00    0.45992E-01    0.54048E+02
  -0.37683E-01    0.84310E+00    0.45992E-01    0.54048E+02
  -0.37683E-01    0.84310E+00    0.45992E-01    0.54048E+02
  -0.37683E-01    0.84310E+00    0.45992E-01    0.54048E+02
  -0.37683E-01    0.84310E+00    0.45992E-01    0.54048E+02
  -0.37727E-01    0.84175E+00    0.45881E-01    0.54044E+02
  -0.37727E-01    0.84175E+00    0.45881E-01    0.54044E+02
  -0.37727E-01    0.84175E+00    0.45881E-01    0.54044E+02
  -0.37727E-01    0.84175E+00    0.45881E-01    0.54044E+02
  -0.37727E-01    0.84175E+00    0.45881E-01    0.54044E+02
  -0.37782E-01    0.83989E+00    0.45746E-01    0.54040E+02
  -0.37782E-01    0.83989E+00    0.45746E-01    0.54040E+02
  -0.37782E-01    0.83989E+00    0.45746E-01    0.54040E+02
  -0.37782E-01    0.83989E+00    0.45746E-01    0.54040E+02
  -0.37782E-01    0.83989E+00    0.45746E-01    0.54040E+02
  -0.37840E-01    0.83779E+00    0.45605E-01    0.54035E+02
  -0.37840E-01    0.83779E+00    0.45605E-01    0.54035E+02
  -0.37840E-01    0.83779E+00    0.45605E-01    0.54035E+02
  -0.37840E-01    0.83779E+00    0.45605E-01    0.54035E+02
  -0.37840E-01    0.83779E+00    0.45605E-01    0.54035E+02
  -0.37895E-01    0.83574E+00    0.45475E-01    0.54030E+02
  -0.37895E-01    0.83574E+00    0.45475E-01    0.54030E+02
  -0.37895E-01    0.83574E+00    0.45475E-01    0.54030E+02
  -0.37895E-01    0.83574E+00    0.45475E-01    0.54030E+02
  -0.37895E-01    0.83574E+00    0.45475E-01    0.54030E+02
  -0.37940E-01    0.83397E+00    0.45370E-01    0.54026E+02
  -0.37940E-01    0.83397E+00    0.45370E-01    0.54026E+02
  -0.37940E-01    0.83397E+00    0.45370E-01    0.54026E+02
  -0.37940E-01    0.83397E+00    0.45370E-01    0.54026E+02
  -0.37940E-01    0.83397E+00    0.45370E-01    0.54026E+02
  -0.37971E-01    0.83265E+00    0.45298E-01    0.54024E+02
  -0.37971E-01    0.83265E+00    0.45298E-01    0.54024E+02
  -0.37971E-01    0.83265E+00    0.45298E-01    0.54024E+02
  -0.37971E-01    0.83265E+00    0.45298E-01    0.54024E+02
  -0.37971E-01    0.83265E+00    0.45298E-01    0.54024E+02
  -0.37985E-01    0.83190E+00    0.45265E-01    0.54023E+02
  -0.37985E-01    0.83190E+00    0.45265E-01    0.54023E+02
  -0.37985E-01    0.83190E+00    0.45265E-01    0.54023E+02
  -0.37985E-01    0.83190E+00    0.45265E-01    0.54023E+02
  -0.37985E-01    0.83190E+00    0.45265E-01    0.54023E+02
  -0.37984E-01    0.83173E+00    0.45269E-01    0.54024E+02
  -0.37984E-01    0.83173E+00    0.45269E-01    0.54024E+02
  -0.37984E-01    0.83173E+00    0.45269E-01    0.54024E+02
  -0.37984E-01    0.83173E+00    0.45269E-01    0.54024E+02
  -0.37984E-01    0.83173E+00    0.45269E-01    0.54024E+02
  -0.37969E-01    0.83208E+00    0.45305E-01    0.54025E+02
  -0.37969E-01    0.83208E+00    0.45305E-01    0.54025E+02
  -0.37969E-01    0.83208E+00    0.45305E-01    0.54025E+02
  -0.37969E-01    0.83208E+00    0.45305E-01    0.54025E+02
  -0.37969E-01    0.83208E+00    0.45305E-01    0.54025E+02
  -0.37944E-01    0.83286E+00    0.45366E-01    0.54028E+02
  -0.37944E-01    0.83286E+00    0.45366E-01    0.54028E+02
  -0.37944E-01    0.83286E+00    0.45366E-01    0.54028E+02
  -0.37944E-01    0.83286E+00    0.45366E-01    0.54028E+02
  -0.37944E-01    0.83286E+00    0.45366E-01    0.54028E+02
  -0.37913E-01    0.83391E+00    0.45441E-01    0.54031E+02
  -0.37913E-01    0.83391E+00    0.45441E-01    0.54031E+02
  -0.37913E-01    0.83391E+00    0.45441E-01    0.54031E+02
  -0.37913E-01    0.83391E+00    0.45441E-01    0.54031E+02
  -0.37913E-01    0.83391E+00    0.45441E-01    0.54031E+02
  -0.38016E-01    0.83298E+00    0.45365E-01    0.54030E+02
  -0.38016E-01    0.83298E+00    0.45365E-01    0.54030E+02
  -0.38016E-01    0.83298E+00    0.45365E-01    0.54030E+02
  -0.38016E-01    0.83298E+00    0.45365E-01    0.54030E+02
  -0.38016E-01    0.83298E+00    0.45365E-01    0.54030E+02
  -0.37917E-01    0.83344E+00    0.45374E-01    0.54026E+02
  -0.37917E-01    0.83344E+00    0.45374E-01    0.54026E+02
  -0.37917E-01    0.83344E+00    0.45374E-01    0.54026E+02
  -0.37917E-01    0.83344E+00    0.45374E-01    0.54026E+02
  -0.37917E-01    0.83344E+00    0.45374E-01    0.54026E+02
  -0.37819E-01    0.83604E+00    0.45576E-01    0.54037E+02
  -0.37819E-01    0.83604E+00    0.45576E-01    0.54037E+02
  -0.37819E-01    0.83604E+00    0.45576E-01    0.54037E+02
  -0.37819E-01    0.83604E+00    0.45576E-01    0.54037E+02
  -0.37819E-01    0.83604E+00    0.45576E-01    0.54037E+02
  -0.37775E-01    0.83818E+00    0.45741E-01    0.54046E+02
  -0.37775E-01    0.83818E+00    0.45741E-01    0.54046E+02
  -0.37775E-01    0.83818E+00    0.45741E-01    0.54046E+02
  -0.37775E-01    0.83818E+00    0.45741E-01    0.54046E+02
  -0.37775E-01    0.83818E+00    0.45741E-01    0.54046E+02
  -0.37759E-01    0.83940E+00    0.45841E-01    0.54049E+02
  -0.37759E-01    0.83940E+00    0.45841E-01    0.54049E+02
  -0.37759E-01    0.83940E+00    0.45841E-01    0.54049E+02
  -0.37759E-01    0.83940E+00    0.45841E-01    0.54049E+02
  -0.37759E-01    0.83940E+00    0.45841E-01    0.54049E+02
  -0.37760E-01    0.83982E+00    0.45879E-01    0.54048E+02
  -0.37760E-01    0.83982E+00    0.45879E-01    0.54048E+02
  -0.37760E-01    0.83982E+00    0.45879E-01    0.54048E+02
  -0.37760E-01    0.83982E+00    0.45879E-01    0.54048E+02
  -0.37760E-01    0.83982E+00    0.45879E-01    0.54048E+02
  -0.37774E-01    0.83956E+00    0.45859E-01    0.54045E+02
  -0.37774E-01    0.83956E+00    0.45859E-01    0.54045E+02
  -0.37774E-01    0.83956E+00    0.45859E-01    0.54045E+02
  -0.37774E-01    0.83956E+00    0.45859E-01    0.54045E+02
  -0.37774E-01    0.83956E+00    0.45859E-01    0.54045E+02
  -0.37798E-01    0.83884E+00    0.45802E-01    0.54041E+02
  -0.37798E-01    0.83884E+00    0.45802E-01    0.54041E+02
  -0.37798E-01    0.83884E+00    0.45802E-01    0.54041E+02
  -0.37798E-01    0.83884E+00    0.45802E-01    0.54041E+02
  -0.37798E-01    0.83884E+00    0.45802E-01    0.54041E+02
  -0.37826E-01    0.83788E+00    0.45726E-01    0.54037E+02
  -0.37826E-01    0.83788E+00    0.45726E-01    0.54037E+02
  -0.37826E-01    0.83788E+00    0.45726E-01    0.54037E+02
  -0.37826E-01    0.83788E+00    0.45726E-01    0.54037E+02
  -0.37826E-01    0.83788E+00    0.45726E-01    0.54037E+02
  -0.37855E-01    0.83684E+00    0.45647E-01    0.54034E+02
  -0.37855E-01    0.83684E+00    0.45647E-01    0.54034E+02
  -0.37855E-01    0.83684E+00    0.45647E-01    0.54034E+02
  -0.37855E-01    0.83684E+00    0.45647E-01    0.54034E+02
  -0.37855E-01    0.83684E+00    0.45647E-01    0.54034E+02
  -0.37880E-01    0.83586E+00    0.45575E-01    0.54032E+02
  -0.37880E-01    0.83586E+00    0.45575E-01    0.54032E+02
  -0.37880E-01    0.83586E+00    0.45575E-01    0.54032E+02
  -0.37880E-01    0.83586E+00    0.45575E-01    0.54032E+02
  -0.37880E-01    0.83586E+00    0.45575E-01    0.54032E+02
  -0.37901E-01    0.83505E+00    0.45518E-01    0.54030E+02
  -0.37901E-01    0.83505E+00    0.45518E-01    0.54030E+02
  -0.37901E-01    0.83505E+00    0.45518E-01    0.54030E+02
  -0.37901E-01    0.83505E+00    0.45518E-01    0.54030E+02
  -0.37901E-01    0.83505E+00    0.45518E-01    0.54030E+02
  -0.37914E-01    0.83448E+00    0.45478E-01    0.54030E+02
  -0.37914E-01    0.83448E+00    0.45478E-01    0.54030E+02
  -0.37914E-01    0.83448E+00    0.45478E-01    0.54030E+02
  -0.37914E-01    0.83448E+00    0.45478E-01    0.54030E+02
  -0.37914E-01    0.83448E+00    0.45478E-01    0.54030E+02
  -0.37919E-01    0.83417E+00    0.45457E-01    0.54029E+02
  -0.37919E-01    0.83417E+00    0.45457E-01    0.54029E+02
  -0.37919E-01    0.83417E+00    0.45457E-01    0.54029E+02
  -0.37919E-01    0.83417E+00    0.45457E-01    0.54029E+02
  -0.37919E-01    0.83417E+00    0.45457E-01    0.54029E+02
  -0.37918E-01    0.83411E+00    0.45454E-01    0.54030E+02
  -0.37918E-01    0.83411E+00    0.45454E-01    0.54030E+02
  -0.37918E-01    0.83411E+00    0.45454E-01    0.54030E+02
  -0.37918E-01    0.83411E+00    0.45454E-01    0.54030E+02
  -0.37918E-01    0.83411E+00    0.45454E-01    0.54030E+02
  -0.37912E-01    0.83427E+00    0.45464E-01    0.54031E+02
  -0.37912E-01    0.83427E+00    0.45464E-01    0.54031E+02
  -0.37912E-01    0.83427E+00    0.45464E-01    0.54031E+02
  -0.37912E-01    0.83427E+00    0.45464E-01    0.54031E+02
  -0.37912E-01    0.83427E+00    0.45464E-01    0.54031E+02
  -0.37901E-01    0.83460E+00    0.45483E-01    0.54032E+02
  -0.37901E-01    0.83460E+00    0.45483E-01    0.54032E+02
  -0.37901E-01    0.83460E+00    0.45483E-01    0.54032E+02
  -0.37901E-01    0.83460E+00    0.45483E-01    0.54032E+02
  -0.37901E-01    0.83460E+00    0.45483E-01    0.54032E+02
  -0.37889E-01    0.83501E+00    0.45507E-01    0.54034E+02
  -0.37889E-01    0.83501E+00    0.45507E-01    0.54034E+02
  -0.37889E-01    0.83501E+00    0.45507E-01    0.54034E+02
  -0.37889E-01    0.83501E+00    0.45507E-01    0.54034E+02
  -0.37889E-01    0.83501E+00    0.45507E-01    0.54034E+02
  -0.37877E-01    0.83545E+00    0.45531E-01    0.54035E+02
  -0.37877E-01    0.83545E+00    0.45531E-01    0.54035E+02
  -0.37877E-01    0.83545E+00    0.45531E-01    0.54035E+02
  -0.37877E-01    0.83545E+00    0.45531E-01    0.54035E+02
  -0.37877E-01    0.83545E+00    0.45531E-01    0.54035E+02
  -0.37866E-01    0.83584E+00    0.45551E-01    0.54036E+02
  -0.37866E-01    0.83584E+00    0.45551E-01    0.54036E+02
  -0.37866E-01    0.83584E+00    0.45551E-01    0.54036E+02
  -0.37866E-01    0.83584E+00    0.45551E-01    0.54036E+02
  -0.37866E-01    0.83584E+00    0.45551E-01    0.54036E+02
  -0.37859E-01    0.83614E+00    0.45565E-01    0.54037E+02
  -0.37859E-01    0.83614E+00    0.45565E-01    0.54037E+02
  -0.37859E-01    0.83614E+00    0.45565E-01    0.54037E+02
  -0.37859E-01    0.83614E+00    0.45565E-01    0.54037E+02
  -0.37859E-01    0.83614E+00    0.45565E-01    0.54037E+02
  -0.37856E-01    0.83631E+00    0.45571E-01    0.54038E+02
  -0.37856E-01    0.83631E+00    0.45571E-01    0.54038E+02
  -0.37856E-01    0.83631E+00    0.45571E-01    0.54038E+02
  -0.37856E-01    0.83631E+00    0.45571E-01    0.54038E+02
  -0.37856E-01    0.83631E+00    0.45571E-01    0.54038E+02
  -0.37857E-01    0.83634E+00    0.45569E-01    0.54038E+02
  -0.37857E-01    0.83634E+00    0.45569E-01    0.54038E+02
  -0.37857E-01    0.83634E+00    0.45569E-01    0.54038E+02
  -0.37857E-01    0.83634E+00    0.45569E-01    0.54038E+02
  -0.37857E-01    0.83634E+00    0.45569E-01    0.54038E+02
  -0.37861E-01    0.83625E+00    0.45560E-01    0.54038E+02
  -0.37861E-01    0.83625E+00    0.45560E-01    0.54038E+02
  -0.37861E-01    0.83625E+00    0.45560E-01    0.54038E+02
  -0.37861E-01    0.83625E+00    0.45560E-01    0.54038E+02
  -0.37861E-01    0.83625E+00    0.45560E-01    0.54038E+02
  -0.37867E-01    0.83606E+00    0.45546E-01    0.54037E+02
  -0.37867E-01    0.83606E+00    0.45546E-01    0.54037E+02
  -0.37867E-01    0.83606E+00    0.45546E-01    0.54037E+02
  -0.37867E-01    0.83606E+00    0.45546E-01    0.54037E+02
  -0.37867E-01    0.83606E+00    0.45546E-01    0.54037E+02
  -0.37875E-01    0.83581E+00    0.45529E-01    0.54036E+02
  -0.37875E-01    0.83581E+00    0.45529E-01    0.54036E+02
  -0.37875E-01    0.83581E+00    0.45529E-01    0.54036E+02
  -0.37875E-01    0.83581E+00    0.45529E-01    0.54036E+02
  -0.37875E-01    0.83581E+00    0.45529E-01    0.54036E+02
  -0.37882E-01    0.83554E+00    0.45512E-01    0.54035E+02
  -0.37882E-01    0.83554E+00    0.45512E-01    0.54035E+02
  -0.37882E-01    0.83554E+00    0.45512E-01    0.54035E+02
  -0.37882E-01    0.83554E+00    0.45512E-01    0.54035E+02
  -0.37882E-01    0.83554E+00    0.45512E-01    0.54035E+02
  -0.37889E-01    0.83529E+00    0.45497E-01    0.54035E+02
  -0.37889E-01    0.83529E+00    0.45497E-01    0.54035E+02
  -0.37889E-01    0.83529E+00    0.45497E-01    0.54035E+02
  -0.37889E-01    0.83529E+00    0.45497E-01    0.54035E+02
  -0.37889E-01    0.83529E+00    0.45497E-01    0.54035E+02
  -0.37894E-01    0.83509E+00    0.45486E-01    0.54034E+02
  -0.37894E-01    0.83509E+00    0.45486E-01    0.54034E+02
  -0.37894E-01    0.83509E+00    0.45486E-01    0.54034E+02
  -0.37894E-01    0.83509E+00    0.45486E-01    0.54034E+02
  -0.37894E-01    0.83509E+00    0.45486E-01    0.54034E+02
  -0.37896E-01    0.83497E+00    0.45480E-01    0.54034E+02
  -0.37896E-01    0.83497E+00    0.45480E-01    0.54034E+02
  -0.37896E-01    0.83497E+00    0.45480E-01    0.54034E+02
  -0.37896E-01    0.83497E+00    0.45480E-01    0.54034E+02
  -0.37896E-01    0.83497E+00    0.45480E-01    0.54034E+02
  -0.37896E-01    0.83495E+00    0.45480E-01    0.54034E+02
  -0.37896E-01    0.83495E+00    0.45480E-01    0.54034E+02
  -0.37896E-01    0.83495E+00    0.45480E-01    0.54034E+02
  -0.37896E-01    0.83495E+00    0.45480E-01    0.54034E+02
  -0.37896E-01    0.83495E+00    0.45480E-01    0.54034E+02
  -0.37894E-01    0.83501E+00    0.45485E-01    0.54034E+02
  -0.37894E-01    0.83501E+00    0.45485E-01    0.54034E+02
  -0.37894E-01    0.83501E+00    0.45485E-01    0.54034E+02
  -0.37894E-01    0.83501E+00    0.45485E-01    0.54034E+02
  -0.37894E-01    0.83501E+00    0.45485E-01    0.54034E+02
  -0.37890E-01    0.83514E+00    0.45493E-01    0.54034E+02
  -0.37890E-01    0.83514E+00    0.45493E-01    0.54034E+02
  -0.37890E-01    0.83514E+00    0.45493E-01    0.54034E+02
  -0.37890E-01    0.83514E+00    0.45493E-01    0.54034E+02
  -0.37890E-01    0.83514E+00    0.45493E-01    0.54034E+02
  -0.37884E-01    0.83533E+00    0.45504E-01    0.54034E+02
  -0.37884E-01    0.83533E+00    0.45504E-01    0.54034E+02
  -0.37884E-01    0.83533E+00    0.45504E-01    0.54034E+02
  -0.37884E-01    0.83533E+00    0.45504E-01    0.54034E+02
  -0.37884E-01    0.83533E+00    0.45504E-01    0.54034E+02
  -0.37878E-01    0.83554E+00    0.45516E-01    0.54035E+02
  -0.37878E-01    0.83554E+00    0.45516E-01    0.54035E+02
  -0.37878E-01    0.83554E+00    0.45516E-01    0.54035E+02
  -0.37878E-01    0.83554E+00    0.45516E-01    0.54035E+02
  -0.37878E-01    0.83554E+00    0.45516E-01    0.54035E+02
  -0.37872E-01    0.83576E+00    0.45527E-01    0.54035E+02
  -0.37872E-01    0.83576E+00    0.45527E-01    0.54035E+02
  -0.37872E-01    0.83576E+00    0.45527E-01    0.54035E+02
  -0.37872E-01    0.83576E+00    0.45527E-01    0.54035E+02
  -0.37872E-01    0.83576E+00    0.45527E-01    0.54035E+02
  -0.37867E-01    0.83595E+00    0.45536E-01    0.54036E+02
  -0.37867E-01    0.83595E+00    0.45536E-01    0.54036E+02
  -0.37867E-01    0.83595E+00    0.45536E-01    0.54036E+02
  -0.37867E-01    0.83595E+00    0.45536E-01    0.54036E+02
  -0.37867E-01    0.83595E+00    0.45536E-01    0.54036E+02
  -0.37864E-01    0.83610E+00    0.45542E-01    0.54036E+02
  -0.37864E-01    0.83610E+00    0.45542E-01    0.54036E+02
  -0.37864E-01    0.83610E+00    0.45542E-01    0.54036E+02
  -0.37864E-01    0.83610E+00    0.45542E-01    0.54036E+02
  -0.37864E-01    0.83610E+00    0.45542E-01    0.54036E+02
  -0.37862E-01    0.83619E+00    0.45544E-01    0.54036E+02
  -0.37862E-01    0.83619E+00    0.45544E-01    0.54036E+02
  -0.37862E-01    0.83619E+00    0.45544E-01    0.54036E+02
  -0.37862E-01    0.83619E+00    0.45544E-01    0.54036E+02
  -0.37862E-01    0.83619E+00    0.45544E-01    0.54036E+02
  -0.37862E-01    0.83622E+00    0.45541E-01    0.54036E+02
  -0.37862E-01    0.83622E+00    0.45541E-01    0.54036E+02
  -0.37862E-01    0.83622E+00    0.45541E-01    0.54036E+02
  -0.37862E-01    0.83622E+00    0.45541E-01    0.54036E+02
  -0.37862E-01    0.83622E+00    0.45541E-01    0.54036E+02
  -0.37863E-01    0.83619E+00    0.45536E-01    0.54036E+02
  -0.37863E-01    0.83619E+00    0.45536E-01    0.54036E+02
  -0.37863E-01    0.83619E+00    0.45536E-01    0.54036E+02
  -0.37863E-01    0.83619E+00    0.45536E-01    0.54036E+02
  -0.37863E-01    0.83619E+00    0.45536E-01    0.54036E+02
  -0.37865E-01    0.83611E+00    0.45528E-01    0.54036E+02
  -0.37865E-01    0.83611E+00    0.45528E-01    0.54036E+02
  -0.37865E-01    0.83611E+00    0.45528E-01    0.54036E+02
  -0.37865E-01    0.83611E+00    0.45528E-01    0.54036E+02
  -0.37865E-01    0.83611E+00    0.45528E-01    0.54036E+02
  -0.37869E-01    0.83600E+00    0.45518E-01    0.54036E+02
  -0.37869E-01    0.83600E+00    0.45518E-01    0.54036E+02
  -0.37869E-01    0.83600E+00    0.45518E-01    0.54036E+02
  -0.37869E-01    0.83600E+00    0.45518E-01    0.54036E+02
  -0.37869E-01    0.83600E+00    0.45518E-01    0.54036E+02
  -0.37872E-01    0.83588E+00    0.45507E-01    0.54035E+02
  -0.37872E-01    0.83588E+00    0.45507E-01    0.54035E+02
  -0.37872E-01    0.83588E+00    0.45507E-01    0.54035E+02
  -0.37872E-01    0.83588E+00    0.45507E-01    0.54035E+02
  -0.37872E-01    0.83588E+00    0.45507E-01    0.54035E+02
  -0.37875E-01    0.83576E+00    0.45498E-01    0.54035E+02
  -0.37875E-01    0.83576E+00    0.45498E-01    0.54035E+02
  -0.37875E-01    0.83576E+00    0.45498E-01    0.54035E+02
  -0.37875E-01    0.83576E+00    0.45498E-01    0.54035E+02
  -0.37875E-01    0.83576E+00    0.45498E-01    0.54035E+02
  -0.37878E-01    0.83565E+00    0.45489E-01    0.54035E+02
  -0.37878E-01    0.83565E+00    0.45489E-01    0.54035E+02
  -0.37878E-01    0.83565E+00    0.45489E-01    0.54035E+02
  -0.37878E-01    0.83565E+00    0.45489E-01    0.54035E+02
  -0.37878E-01    0.83565E+00    0.45489E-01    0.54035E+02
  -0.37880E-01    0.83557E+00    0.45483E-01    0.54035E+02
  -0.37880E-01    0.83557E+00    0.45483E-01    0.54035E+02
  -0.37880E-01    0.83557E+00    0.45483E-01    0.54035E+02
  -0.37880E-01    0.83557E+00    0.45483E-01    0.54035E+02
  -0.37880E-01    0.83557E+00    0.45483E-01    0.54035E+02
  -0.37881E-01    0.83552E+00    0.45478E-01    0.54035E+02
  -0.37881E-01    0.83552E+00    0.45478E-01    0.54035E+02
  -0.37881E-01    0.83552E+00    0.45478E-01    0.54035E+02
  -0.37881E-01    0.83552E+00    0.45478E-01    0.54035E+02
  -0.37881E-01    0.83552E+00    0.45478E-01    0.54035E+02
  -0.37881E-01    0.83550E+00    0.45476E-01    0.54035E+02
  -0.37881E-01    0.83550E+00    0.45476E-01    0.54035E+02
  -0.37881E-01    0.83550E+00    0.45476E-01    0.54035E+02
  -0.37881E-01    0.83550E+00    0.45476E-01    0.54035E+02
  -0.37881E-01    0.83550E+00    0.45476E-01    0.54035E+02
  -0.37880E-01    0.83552E+00    0.45476E-01    0.54035E+02
  -0.37880E-01    0.83552E+00    0.45476E-01    0.54035E+02
  -0.37880E-01    0.83552E+00    0.45476E-01    0.54035E+02
  -0.37880E-01    0.83552E+00    0.45476E-01    0.54035E+02
  -0.37880E-01    0.83552E+00    0.45476E-01    0.54035E+02
  -0.37879E-01    0.83555E+00    0.45478E-01    0.54035E+02
  -0.37879E-01    0.83555E+00    0.45478E-01    0.54035E+02
  -0.37879E-01    0.83555E+00    0.45478E-01    0.54035E+02
  -0.37879E-01    0.83555E+00    0.45478E-01    0.54035E+02
  -0.37879E-01    0.83555E+00    0.45478E-01    0.54035E+02
  -0.37877E-01    0.83561E+00    0.45481E-01    0.54035E+02
  -0.37877E-01    0.83561E+00    0.45481E-01    0.54035E+02
  -0.37877E-01    0.83561E+00    0.45481E-01    0.54035E+02
  -0.37877E-01    0.83561E+00    0.45481E-01    0.54035E+02
  -0.37877E-01    0.83561E+00    0.45481E-01    0.54035E+02
  -0.37876E-01    0.83567E+00    0.45484E-01    0.54035E+02
  -0.37876E-01    0.83567E+00    0.45484E-01    0.54035E+02
  -0.37876E-01    0.83567E+00    0.45484E-01    0.54035E+02
  -0.37876E-01    0.83567E+00    0.45484E-01    0.54035E+02
  -0.37876E-01    0.83567E+00    0.45484E-01    0.54035E+02
  -0.37874E-01    0.83573E+00    0.45486E-01    0.54035E+02
  -0.37874E-01    0.83573E+00    0.45486E-01    0.54035E+02
  -0.37874E-01    0.83573E+00    0.45486E-01    0.54035E+02
  -0.37874E-01    0.83573E+00    0.45486E-01    0.54035E+02
  -0.37874E-01    0.83573E+00    0.45486E-01    0.54035E+02
  -0.37873E-01    0.83577E+00    0.45489E-01    0.54035E+02
  -0.37873E-01    0.83577E+00    0.45489E-01    0.54035E+02
  -0.37873E-01    0.83577E+00    0.45489E-01    0.54035E+02
  -0.37873E-01    0.83577E+00    0.45489E-01    0.54035E+02
  -0.37873E-01    0.83577E+00    0.45489E-01    0.54035E+02
  -0.37872E-01    0.83581E+00    0.45490E-01    0.54036E+02
  -0.37872E-01    0.83581E+00    0.45490E-01    0.54036E+02
  -0.37872E-01    0.83581E+00    0.45490E-01    0.54036E+02
  -0.37872E-01    0.83581E+00    0.45490E-01    0.54036E+02
  -0.37872E-01    0.83581E+00    0.45490E-01    0.54036E+02
  -0.37872E-01    0.83582E+00    0.45490E-01    0.54036E+02
  -0.37872E-01    0.83582E+00    0.45490E-01    0.54036E+02
  -0.37872E-01    0.83582E+00    0.45490E-01    0.54036E+02
  -0.37872E-01    0.83582E+00    0.45490E-01    0.54036E+02
  -0.37872E-01    0.83582E+00    0.45490E-01    0.54036E+02
  -0.37872E-01    0.83582E+00    0.45490E-01    0.54036E+02
  -0.37872E-01    0.83582E+00    0.45490E-01    0.54036E+02
  -0.37872E-01    0.83582E+00    0.45490E-01    0.54036E+02
  -0.37872E-01    0.83582E+00    0.45490E-01    0.54036E+02
  -0.37872E-01    0.83582E+00    0.45490E-01    0.54036E+02
  -0.37873E-01    0.83580E+00    0.45488E-01    0.54036E+02
  -0.37873E-01    0.83580E+00    0.45488E-01    0.54036E+02
  -0.37873E-01    0.83580E+00    0.45488E-01    0.54036E+02
  -0.37873E-01    0.83580E+00    0.45488E-01    0.54036E+02
  -0.37873E-01    0.83580E+00    0.45488E-01    0.54036E+02
  -0.37874E-01    0.83577E+00    0.45486E-01    0.54035E+02
  -0.37874E-01    0.83577E+00    0.45486E-01    0.54035E+02
  -0.37874E-01    0.83577E+00    0.45486E-01    0.54035E+02
  -0.37874E-01    0.83577E+00    0.45486E-01    0.54035E+02
  -0.37874E-01    0.83577E+00    0.45486E-01    0.54035E+02
  -0.37875E-01    0.83574E+00    0.45484E-01    0.54035E+02
  -0.37875E-01    0.83574E+00    0.45484E-01    0.54035E+02
  -0.37875E-01    0.83574E+00    0.45484E-01    0.54035E+02
  -0.37875E-01    0.83574E+00    0.45484E-01    0.54035E+02
  -0.37875E-01    0.83574E+00    0.45484E-01    0.54035E+02
  -0.37876E-01    0.83570E+00    0.45482E-01    0.54035E+02
  -0.37876E-01    0.83570E+00    0.45482E-01    0.54035E+02
  -0.37876E-01    0.83570E+00    0.45482E-01    0.54035E+02
  -0.37876E-01    0.83570E+00    0.45482E-01    0.54035E+02
  -0.37876E-01    0.83570E+00    0.45482E-01    0.54035E+02
  -0.37877E-01    0.83567E+00    0.45480E-01    0.54035E+02
  -0.37877E-01    0.83567E+00    0.45480E-01    0.54035E+02
  -0.37877E-01    0.83567E+00    0.45480E-01    0.54035E+02
  -0.37877E-01    0.83567E+00    0.45480E-01    0.54035E+02
  -0.37877E-01    0.83567E+00    0.45480E-01    0.54035E+02
  -0.37877E-01    0.83565E+00    0.45479E-01    0.54035E+02
  -0.37877E-01    0.83565E+00    0.45479E-01    0.54035E+02
  -0.37877E-01    0.83565E+00    0.45479E-01    0.54035E+02
  -0.37877E-01    0.83565E+00    0.45479E-01    0.54035E+02
  -0.37877E-01    0.83565E+00    0.45479E-01    0.54035E+02
  -0.37877E-01    0.83564E+00    0.45479E-01    0.54035E+02
  -0.37877E-01    0.83564E+00    0.45479E-01    0.54035E+02
  -0.37877E-01    0.83564E+00    0.45479E-01    0.54035E+02
  -0.37877E-01    0.83564E+00    0.45479E-01    0.54035E+02
  -0.37877E-01    0.83564E+00    0.45479E-01    0.54035E+02
  -0.37877E-01    0.83564E+00    0.45479E-01    0.54035E+02
  -0.37877E-01    0.83564E+00    0.45479E-01    0.54035E+02
  -0.37877E-01    0.83564E+00    0.45479E-01    0.54035E+02
  -0.37877E-01    0.83564E+00    0.45479E-01    0.54035E+02
  -0.37877E-01    0.83564E+00    0.45479E-01    0.54035E+02
  -0.37877E-01    0.83565E+00    0.45479E-01    0.54035E+02
  -0.37877E-01    0.83565E+00    0.45479E-01    0.54035E+02
  -0.37877E-01    0.83565E+00    0.45479E-01    0.54035E+02
  -0.37877E-01    0.83565E+00    0.45479E-01    0.54035E+02
  -0.37877E-01    0.83565E+00    0.45479E-01    0.54035E+02
  -0.37876E-01    0.83566E+00    0.45480E-01    0.54035E+02
  -0.37876E-01    0.83566E+00    0.45480E-01    0.54035E+02
  -0.37876E-01    0.83566E+00    0.45480E-01    0.54035E+02
  -0.37876E-01    0.83566E+00    0.45480E-01    0.54035E+02
  -0.37876E-01    0.83566E+00    0.45480E-01    0.54035E+02
  -0.37876E-01    0.83568E+00    0.45482E-01    0.54035E+02
  -0.37876E-01    0.83568E+00    0.45482E-01    0.54035E+02
  -0.37876E-01    0.83568E+00    0.45482E-01    0.54035E+02
  -0.37876E-01    0.83568E+00    0.45482E-01    0.54035E+02
  -0.37876E-01    0.83568E+00    0.45482E-01    0.54035E+02
  -0.37875E-01    0.83570E+00    0.45483E-01    0.54035E+02
  -0.37875E-01    0.83570E+00    0.45483E-01    0.54035E+02
  -0.37875E-01    0.83570E+00    0.45483E-01    0.54035E+02
  -0.37875E-01    0.83570E+00    0.45483E-01    0.54035E+02
  -0.37875E-01    0.83570E+00    0.45483E-01    0.54035E+02
  -0.37875E-01    0.83572E+00    0.45484E-01    0.54035E+02
  -0.37875E-01    0.83572E+00    0.45484E-01    0.54035E+02
  -0.37875E-01    0.83572E+00    0.45484E-01    0.54035E+02
  -0.37875E-01    0.83572E+00    0.45484E-01    0.54035E+02
  -0.37875E-01    0.83572E+00    0.45484E-01    0.54035E+02
  -0.37874E-01    0.83574E+00    0.45485E-01    0.54035E+02
  -0.37874E-01    0.83574E+00    0.45485E-01    0.54035E+02
  -0.37874E-01    0.83574E+00    0.45485E-01    0.54035E+02
  -0.37874E-01    0.83574E+00    0.45485E-01    0.54035E+02
  -0.37874E-01    0.83574E+00    0.45485E-01    0.54035E+02
  -0.37874E-01    0.83575E+00    0.45485E-01    0.54035E+02
  -0.37874E-01    0.83575E+00    0.45485E-01    0.54035E+02
  -0.37874E-01    0.83575E+00    0.45485E-01    0.54035E+02
  -0.37874E-01    0.83575E+00    0.45485E-01    0.54035E+02
  -0.37874E-01    0.83575E+00    0.45485E-01    0.54035E+02
  -0.37874E-01    0.83575E+00    0.45485E-01    0.54035E+02
  -0.37874E-01    0.83575E+00    0.45485E-01    0.54035E+02
  -0.37874E-01    0.83575E+00    0.45485E-01    0.54035E+02
  -0.37874E-01    0.83575E+00    0.45485E-01    0.54035E+02
  -0.37874E-01    0.83575E+00    0.45485E-01    0.54035E+02
  -0.37874E-01    0.83575E+00    0.45484E-01    0.54035E+02
  -0.37874E-01    0.83575E+00    0.45484E-01    0.54035E+02
  -0.37874E-01    0.83575E+00    0.45484E-01    0.54035E+02
  -0.37874E-01    0.83575E+00    0.45484E-01    0.54035E+02
  -0.37874E-01    0.83575E+00    0.45484E-01    0.54035E+02
  -0.37875E-01    0.83574E+00    0.45483E-01    0.54035E+02
  -0.37875E-01    0.83574E+00    0.45483E-01    0.54035E+02
  -0.37875E-01    0.83574E+00    0.45483E-01    0.54035E+02
  -0.37875E-01    0.83574E+00    0.45483E-01    0.54035E+02
  -0.37875E-01    0.83574E+00    0.45483E-01    0.54035E+02
  -0.37875E-01    0.83572E+00    0.45482E-01    0.54035E+02
  -0.37875E-01    0.83572E+00    0.45482E-01    0.54035E+02
  -0.37875E-01    0.83572E+00    0.45482E-01    0.54035E+02
  -0.37875E-01    0.83572E+00    0.45482E-01    0.54035E+02
  -0.37875E-01    0.83572E+00    0.45482E-01    0.54035E+02
  -0.37875E-01    0.83571E+00    0.45481E-01    0.54035E+02
  -0.37875E-01    0.83571E+00    0.45481E-01    0.54035E+02
  -0.37875E-01    0.83571E+00    0.45481E-01    0.54035E+02
  -0.37875E-01    0.83571E+00    0.45481E-01    0.54035E+02
  -0.37875E-01    0.83571E+00    0.45481E-01    0.54035E+02
  -0.37876E-01    0.83570E+00    0.45480E-01    0.54035E+02
  -0.37876E-01    0.83570E+00    0.45480E-01    0.54035E+02
  -0.37876E-01    0.83570E+00    0.45480E-01    0.54035E+02
  -0.37876E-01    0.83570E+00    0.45480E-01    0.54035E+02
  -0.37876E-01    0.83570E+00    0.45480E-01    0.54035E+02
  -0.37876E-01    0.83568E+00    0.45479E-01    0.54035E+02
  -0.37876E-01    0.83568E+00    0.45479E-01    0.54035E+02
  -0.37876E-01    0.83568E+00    0.45479E-01    0.54035E+02
  -0.37876E-01    0.83568E+00    0.45479E-01    0.54035E+02
  -0.37876E-01    0.83568E+00    0.45479E-01    0.54035E+02
  -0.37876E-01    0.83567E+00    0.45478E-01    0.54035E+02
  -0.37876E-01    0.83567E+00    0.45478E-01    0.54035E+02
  -0.37876E-01    0.83567E+00    0.45478E-01    0.54035E+02
  -0.37876E-01    0.83567E+00    0.45478E-01    0.54035E+02
  -0.37876E-01    0.83567E+00    0.45478E-01    0.54035E+02
  -0.37876E-01    0.83567E+00    0.45478E-01    0.54035E+02
  -0.37876E-01    0.83567E+00    0.45478E-01    0.54035E+02
  -0.37876E-01    0.83567E+00    0.45478E-01    0.54035E+02
  -0.37876E-01    0.83567E+00    0.45478E-01    0.54035E+02
  -0.37876E-01    0.83567E+00    0.45478E-01    0.54035E+02
  -0.37876E-01    0.83567E+00    0.45478E-01    0.54035E+02
  -0.37876E-01    0.83567E+00    0.45478E-01    0.54035E+02
  -0.37876E-01    0.83567E+00    0.45478E-01    0.54035E+02
  -0.37876E-01    0.83567E+00    0.45478E-01    0.54035E+02
  -0.37876E-01    0.83567E+00    0.45478E-01    0.54035E+02
  -0.37876E-01    0.83567E+00    0.45478E-01    0.54035E+02
  -0.37876E-01    0.83567E+00    0.45478E-01    0.54035E+02
  -0.37876E-01    0.83567E+00    0.45478E-01    0.54035E+02
  -0.37876E-01    0.83567E+00    0.45478E-01    0.54035E+02
  -0.37876E-01    0.83567E+00    0.45478E-01    0.54035E+02
  -0.37876E-01    0.83568E+00    0.45478E-01    0.54035E+02
  -0.37876E-01    0.83568E+00    0.45478E-01    0.54035E+02
  -0.37876E-01    0.83568E+00    0.45478E-01    0.54035E+02
  -0.37876E-01    0.83568E+00    0.45478E-01    0.54035E+02
  -0.37876E-01    0.83568E+00    0.45478E-01    0.54035E+02
  -0.37876E-01    0.83568E+00    0.45478E-01    0.54035E+02
  -0.37876E-01    0.83568E+00    0.45478E-01    0.54035E+02
  -0.37876E-01    0.83568E+00    0.45478E-01    0.54035E+02
  -0.37876E-01    0.83568E+00    0.45478E-01    0.54035E+02
  -0.37876E-01    0.83568E+00    0.45478E-01    0.54035E+02
  -0.37876E-01    0.83569E+00    0.45478E-01    0.54035E+02
  -0.37876E-01    0.83569E+00    0.45478E-01    0.54035E+02
  -0.37876E-01    0.83569E+00    0.45478E-01    0.54035E+02
  -0.37876E-01    0.83569E+00    0.45478E-01    0.54035E+02
  -0.37876E-01    0.83569E+00    0.45478E-01    0.54035E+02
  -0.37875E-01    0.83570E+00    0.45478E-01    0.54035E+02
  -0.37875E-01    0.83570E+00    0.45478E-01    0.54035E+02
  -0.37875E-01    0.83570E+00    0.45478E-01    0.54035E+02
  -0.37875E-01    0.83570E+00    0.45478E-01    0.54035E+02
  -0.37875E-01    0.83570E+00    0.45478E-01    0.54035E+02
  -0.37875E-01    0.83571E+00    0.45479E-01    0.54035E+02
  -0.37875E-01    0.83571E+00    0.45479E-01    0.54035E+02
  -0.37875E-01    0.83571E+00    0.45479E-01    0.54035E+02
  -0.37875E-01    0.83571E+00    0.45479E-01    0.54035E+02
  -0.37875E-01    0.83571E+00    0.45479E-01    0.54035E+02
  -0.37875E-01    0.83571E+00    0.45478E-01    0.54035E+02
  -0.37875E-01    0.83571E+00    0.45478E-01    0.54035E+02
  -0.37875E-01    0.83571E+00    0.45478E-01    0.54035E+02
  -0.37875E-01    0.83571E+00    0.45478E-01    0.54035E+02
  -0.37875E-01    0.83571E+00    0.45478E-01    0.54035E+02
  -0.37875E-01    0.83572E+00    0.45478E-01    0.54035E+02
  -0.37875E-01    0.83572E+00    0.45478E-01    0.54035E+02
  -0.37875E-01    0.83572E+00    0.45478E-01    0.54035E+02
  -0.37875E-01    0.83572E+00    0.45478E-01    0.54035E+02
  -0.37875E-01    0.83572E+00    0.45478E-01    0.54035E+02
  -0.37875E-01    0.83572E+00    0.45478E-01    0.54035E+02
  -0.37875E-01    0.83572E+00    0.45478E-01    0.54035E+02
  -0.37875E-01    0.83572E+00    0.45478E-01    0.54035E+02
  -0.37875E-01    0.83572E+00    0.45478E-01    0.54035E+02
  -0.37875E-01    0.83572E+00    0.45478E-01    0.54035E+02
  -0.37875E-01    0.83571E+00    0.45477E-01    0.54035E+02
  -0.37875E-01    0.83571E+00    0.45477E-01    0.54035E+02
  -0.37875E-01    0.83571E+00    0.45477E-01    0.54035E+02
  -0.37875E-01    0.83571E+00    0.45477E-01    0.54035E+02
  -0.37875E-01    0.83571E+00    0.45477E-01    0.54035E+02
  -0.37875E-01    0.83571E+00    0.45477E-01    0.54035E+02
  -0.37875E-01    0.83571E+00    0.45477E-01    0.54035E+02
  -0.37875E-01    0.83571E+00    0.45477E-01    0.54035E+02
  -0.37875E-01    0.83571E+00    0.45477E-01    0.54035E+02
  -0.37875E-01    0.83571E+00    0.45477E-01    0.54035E+02
  -0.37875E-01    0.83570E+00    0.45476E-01    0.54035E+02
  -0.37875E-01    0.83570E+00    0.45476E-01    0.54035E+02
  -0.37875E-01    0.83570E+00    0.45476E-01    0.54035E+02
  -0.37875E-01    0.83570E+00    0.45476E-01    0.54035E+02
  -0.37875E-01    0.83570E+00    0.45476E-01    0.54035E+02
  -0.37876E-01    0.83570E+00    0.45476E-01    0.54035E+02
  -0.37876E-01    0.83570E+00    0.45476E-01    0.54035E+02
  -0.37876E-01    0.83570E+00    0.45476E-01    0.54035E+02
  -0.37876E-01    0.83570E+00    0.45476E-01    0.54035E+02
  -0.37876E-01    0.83570E+00    0.45476E-01    0.54035E+02
  -0.37876E-01    0.83570E+00    0.45475E-01    0.54035E+02
  -0.37876E-01    0.83570E+00    0.45475E-01    0.54035E+02
  -0.37876E-01    0.83570E+00    0.45475E-01    0.54035E+02
  -0.37876E-01    0.83570E+00    0.45475E-01    0.54035E+02
  -0.37876E-01    0.83570E+00    0.45475E-01    0.54035E+02
  -0.37876E-01    0.83569E+00    0.45475E-01    0.54035E+02
  -0.37876E-01    0.83569E+00    0.45475E-01    0.54035E+02
  -0.37876E-01    0.83569E+00    0.45475E-01    0.54035E+02
  -0.37876E-01    0.83569E+00    0.45475E-01    0.54035E+02
  -0.37876E-01    0.83569E+00    0.45475E-01    0.54035E+02
  -0.37876E-01    0.83569E+00    0.45474E-01    0.54035E+02
  -0.37876E-01    0.83569E+00    0.45474E-01    0.54035E+02
  -0.37876E-01    0.83569E+00    0.45474E-01    0.54035E+02
  -0.37876E-01    0.83569E+00    0.45474E-01    0.54035E+02
  -0.37876E-01    0.83569E+00    0.45474E-01    0.54035E+02
  -0.37876E-01    0.83569E+00    0.45474E-01    0.54035E+02
  -0.37876E-01    0.83569E+00    0.45474E-01    0.54035E+02
  -0.37876E-01    0.83569E+00    0.45474E-01    0.54035E+02
  -0.37876E-01    0.83569E+00    0.45474E-01    0.54035E+02
  -0.37876E-01    0.83569E+00    0.45474E-01    0.54035E+02
  -0.37876E-01    0.83569E+00    0.45474E-01    0.54035E+02
  -0.37876E-01    0.83569E+00    0.45474E-01    0.54035E+02
  -0.37876E-01    0.83569E+00    0.45474E-01    0.54035E+02
  -0.37876E-01    0.83569E+00    0.45474E-01    0.54035E+02
  -0.37876E-01    0.83569E+00    0.45474E-01    0.54035E+02
  -0.37876E-01    0.83569E+00    0.45474E-01    0.54035E+02
  -0.37876E-01    0.83569E+00    0.45474E-01    0.54035E+02
  -0.37876E-01    0.83569E+00    0.45474E-01    0.54035E+02
  -0.37876E-01    0.83569E+00    0.45474E-01    0.54035E+02
  -0.37876E-01    0.83569E+00    0.45474E-01    0.54035E+02
  -0.37876E-01    0.83570E+00    0.45474E-01    0.54035E+02
  -0.37876E-01    0.83570E+00    0.45474E-01    0.54035E+02
  -0.37876E-01    0.83570E+00    0.45474E-01    0.54035E+02
  -0.37876E-01    0.83570E+00    0.45474E-01    0.54035E+02
  -0.37876E-01    0.83570E+00    0.45474E-01    0.54035E+02
  -0.37876E-01    0.83570E+00    0.45473E-01    0.54035E+02
  -0.37876E-01    0.83570E+00    0.45473E-01    0.54035E+02
  -0.37876E-01    0.83570E+00    0.45473E-01    0.54035E+02
  -0.37876E-01    0.83570E+00    0.45473E-01    0.54035E+02
  -0.37876E-01    0.83570E+00    0.45473E-01    0.54035E+02
  -0.37875E-01    0.83570E+00    0.45473E-01    0.54035E+02
  -0.37875E-01    0.83570E+00    0.45473E-01    0.54035E+02
  -0.37875E-01    0.83570E+00    0.45473E-01    0.54035E+02
  -0.37875E-01    0.83570E+00    0.45473E-01    0.54035E+02
  -0.37875E-01    0.83570E+00    0.45473E-01    0.54035E+02
  -0.37875E-01    0.83570E+00    0.45473E-01    0.54035E+02
  -0.37875E-01    0.83570E+00    0.45473E-01    0.54035E+02
  -0.37875E-01    0.83570E+00    0.45473E-01    0.54035E+02
  -0.37875E-01    0.83570E+00    0.45473E-01    0.54035E+02
  -0.37875E-01    0.83570E+00    0.45473E-01    0.54035E+02
  -0.37875E-01    0.83570E+00    0.45473E-01    0.54035E+02
  -0.37875E-01    0.83570E+00    0.45473E-01    0.54035E+02
  -0.37875E-01    0.83570E+00    0.45473E-01    0.54035E+02
  -0.37875E-01    0.83570E+00    0.45473E-01    0.54035E+02
  -0.37875E-01    0.83570E+00    0.45473E-01    0.54035E+02
  -0.37875E-01    0.83571E+00    0.45473E-01    0.54035E+02
  -0.37875E-01    0.83571E+00    0.45473E-01    0.54035E+02
  -0.37875E-01    0.83571E+00    0.45473E-01    0.54035E+02
  -0.37875E-01    0.83571E+00    0.45473E-01    0.54035E+02
  -0.37875E-01    0.83571E+00    0.45473E-01    0.54035E+02
  -0.37875E-01    0.83571E+00    0.45473E-01    0.54035E+02
  -0.37875E-01    0.83571E+00    0.45473E-01    0.54035E+02
  -0.37875E-01    0.83571E+00    0.45473E-01    0.54035E+02
  -0.37875E-01    0.83571E+00    0.45473E-01    0.54035E+02
  -0.37875E-01    0.83571E+00    0.45473E-01    0.54035E+02
  -0.37875E-01    0.83571E+00    0.45473E-01    0.54035E+02
