   0.26383E+02    0.68820E+01    0.18776E+02    0.16567E+01
   0.26383E+02    0.68820E+01    0.18776E+02    0.16567E+01
   0.24883E+02    0.62820E+01    0.17276E+02    0.15067E+01
   0.24883E+02    0.62820E+01    0.17276E+02    0.15067E+01
   0.25443E+02    0.61760E+01    0.16796E+02    0.14519E+01
   0.25443E+02    0.61760E+01    0.16796E+02    0.14519E+01
   0.25874E+02    0.60038E+01    0.16745E+02    0.14423E+01
   0.25874E+02    0.60038E+01    0.16745E+02    0.14423E+01
   0.25940E+02    0.60228E+01    0.16360E+02    0.14203E+01
   0.25940E+02    0.60228E+01    0.16360E+02    0.14203E+01
   0.26118E+02    0.60845E+01    0.15852E+02    0.13986E+01
   0.26118E+02    0.60845E+01    0.15852E+02    0.13986E+01
   0.26342E+02    0.61833E+01    0.15507E+02    0.13832E+01
   0.26342E+02    0.61833E+01    0.15507E+02    0.13832E+01
   0.26483E+02    0.62320E+01    0.15310E+02    0.13733E+01
   0.26483E+02    0.62320E+01    0.15310E+02    0.13733E+01
   0.26544E+02    0.62611E+01    0.15184E+02    0.13655E+01
   0.26544E+02    0.62611E+01    0.15184E+02    0.13655E+01
   0.26562E+02    0.62831E+01    0.15133E+02    0.13601E+01
   0.26562E+02    0.62831E+01    0.15133E+02    0.13601E+01
   0.26526E+02    0.63186E+01    0.15167E+02    0.13580E+01
   0.26526E+02    0.63186E+01    0.15167E+02    0.13580E+01
   0.26419E+02    0.63672E+01    0.15285E+02    0.13592E+01
   0.26419E+02    0.63672E+01    0.15285E+02    0.13592E+01
   0.26237E+02    0.64277E+01    0.15484E+02    0.13639E+01
   0.26237E+02    0.64277E+01    0.15484E+02    0.13639E+01
   0.25979E+02    0.64943E+01    0.15767E+02    0.13724E+01
   0.25979E+02    0.64943E+01    0.15767E+02    0.13724E+01
   0.25641E+02    0.65635E+01    0.16138E+02    0.13845E+01
   0.25641E+02    0.65635E+01    0.16138E+02    0.13845E+01
   0.25222E+02    0.66334E+01    0.16591E+02    0.14000E+01
   0.25222E+02    0.66334E+01    0.16591E+02    0.14000E+01
   0.24723E+02    0.67042E+01    0.17123E+02    0.14185E+01
   0.24723E+02    0.67042E+01    0.17123E+02    0.14185E+01
   0.24146E+02    0.67758E+01    0.17724E+02    0.14393E+01
   0.24146E+02    0.67758E+01    0.17724E+02    0.14393E+01
   0.23497E+02    0.68476E+01    0.18385E+02    0.14620E+01
   0.23497E+02    0.68476E+01    0.18385E+02    0.14620E+01
   0.22784E+02    0.69182E+01    0.19093E+02    0.14858E+01
   0.22784E+02    0.69182E+01    0.19093E+02    0.14858E+01
   0.22018E+02    0.69855E+01    0.19830E+02    0.15099E+01
   0.22018E+02    0.69855E+01    0.19830E+02    0.15099E+01
   0.21213E+02    0.70471E+01    0.20578E+02    0.15337E+01
   0.21213E+02    0.70471E+01    0.20578E+02    0.15337E+01
   0.20387E+02    0.71007E+01    0.21316E+02    0.15564E+01
   0.20387E+02    0.71007E+01    0.21316E+02    0.15564E+01
   0.19556E+02    0.71442E+01    0.22021E+02    0.15775E+01
   0.19556E+02    0.71442E+01    0.22021E+02    0.15775E+01
   0.18738E+02    0.71761E+01    0.22672E+02    0.15966E+01
   0.18738E+02    0.71761E+01    0.22672E+02    0.15966E+01
   0.17952E+02    0.71953E+01    0.23249E+02    0.16136E+01
   0.17952E+02    0.71953E+01    0.23249E+02    0.16136E+01
   0.17212E+02    0.72014E+01    0.23736E+02    0.16284E+01
   0.17212E+02    0.72014E+01    0.23736E+02    0.16284E+01
   0.16533E+02    0.71951E+01    0.24122E+02    0.16410E+01
   0.16533E+02    0.71951E+01    0.24122E+02    0.16410E+01
   0.15925E+02    0.71770E+01    0.24398E+02    0.16517E+01
   0.15925E+02    0.71770E+01    0.24398E+02    0.16517E+01
   0.15395E+02    0.71491E+01    0.24562E+02    0.16608E+01
   0.15395E+02    0.71491E+01    0.24562E+02    0.16608E+01
   0.14950E+02    0.71129E+01    0.24614E+02    0.16684E+01
   0.14950E+02    0.71129E+01    0.24614E+02    0.16684E+01
   0.14592E+02    0.70705E+01    0.24558E+02    0.16750E+01
   0.14592E+02    0.70705E+01    0.24558E+02    0.16750E+01
   0.14320E+02    0.70238E+01    0.24402E+02    0.16808E+01
   0.14320E+02    0.70238E+01    0.24402E+02    0.16808E+01
   0.14133E+02    0.69742E+01    0.24155E+02    0.16861E+01
   0.14133E+02    0.69742E+01    0.24155E+02    0.16861E+01
   0.14027E+02    0.69235E+01    0.23827E+02    0.16910E+01
   0.14027E+02    0.69235E+01    0.23827E+02    0.16910E+01
   0.13999E+02    0.68737E+01    0.23430E+02    0.16957E+01
   0.13999E+02    0.68737E+01    0.23430E+02    0.16957E+01
   0.14048E+02    0.68253E+01    0.22976E+02    0.17002E+01
   0.14048E+02    0.68253E+01    0.22976E+02    0.17002E+01
   0.14169E+02    0.67780E+01    0.22475E+02    0.17044E+01
   0.14169E+02    0.67780E+01    0.22475E+02    0.17044E+01
   0.14354E+02    0.67326E+01    0.21935E+02    0.17082E+01
   0.14354E+02    0.67326E+01    0.21935E+02    0.17082E+01
   0.14600E+02    0.66902E+01    0.21368E+02    0.17115E+01
   0.14600E+02    0.66902E+01    0.21368E+02    0.17115E+01
   0.14903E+02    0.66518E+01    0.20785E+02    0.17141E+01
   0.14903E+02    0.66518E+01    0.20785E+02    0.17141E+01
   0.15256E+02    0.66179E+01    0.20196E+02    0.17158E+01
   0.15256E+02    0.66179E+01    0.20196E+02    0.17158E+01
   0.15655E+02    0.65888E+01    0.19613E+02    0.17164E+01
   0.15655E+02    0.65888E+01    0.19613E+02    0.17164E+01
   0.16094E+02    0.65644E+01    0.19047E+02    0.17158E+01
   0.16094E+02    0.65644E+01    0.19047E+02    0.17158E+01
   0.16567E+02    0.65447E+01    0.18506E+02    0.17137E+01
   0.16567E+02    0.65447E+01    0.18506E+02    0.17137E+01
   0.17067E+02    0.65298E+01    0.18000E+02    0.17102E+01
   0.17067E+02    0.65298E+01    0.18000E+02    0.17102E+01
   0.17587E+02    0.65195E+01    0.17537E+02    0.17053E+01
   0.17587E+02    0.65195E+01    0.17537E+02    0.17053E+01
   0.18115E+02    0.65122E+01    0.17117E+02    0.16987E+01
   0.18115E+02    0.65122E+01    0.17117E+02    0.16987E+01
   0.18634E+02    0.65065E+01    0.16742E+02    0.16904E+01
   0.18634E+02    0.65065E+01    0.16742E+02    0.16904E+01
   0.19135E+02    0.65031E+01    0.16413E+02    0.16808E+01
   0.19135E+02    0.65031E+01    0.16413E+02    0.16808E+01
   0.19608E+02    0.65037E+01    0.16133E+02    0.16704E+01
   0.19608E+02    0.65037E+01    0.16133E+02    0.16704E+01
   0.20044E+02    0.65097E+01    0.15906E+02    0.16598E+01
   0.20044E+02    0.65097E+01    0.15906E+02    0.16598E+01
   0.20436E+02    0.65221E+01    0.15735E+02    0.16497E+01
   0.20436E+02    0.65221E+01    0.15735E+02    0.16497E+01
   0.20777E+02    0.65406E+01    0.15624E+02    0.16406E+01
   0.20777E+02    0.65406E+01    0.15624E+02    0.16406E+01
   0.21061E+02    0.65647E+01    0.15577E+02    0.16332E+01
   0.21061E+02    0.65647E+01    0.15577E+02    0.16332E+01
   0.21286E+02    0.65942E+01    0.15593E+02    0.16277E+01
   0.21286E+02    0.65942E+01    0.15593E+02    0.16277E+01
   0.21450E+02    0.66288E+01    0.15676E+02    0.16246E+01
   0.21450E+02    0.66288E+01    0.15676E+02    0.16246E+01
   0.21551E+02    0.66682E+01    0.15826E+02    0.16242E+01
   0.21551E+02    0.66682E+01    0.15826E+02    0.16242E+01
   0.21590E+02    0.67121E+01    0.16042E+02    0.16264E+01
   0.21590E+02    0.67121E+01    0.16042E+02    0.16264E+01
   0.21569E+02    0.67600E+01    0.16324E+02    0.16314E+01
   0.21569E+02    0.67600E+01    0.16324E+02    0.16314E+01
   0.21489E+02    0.68110E+01    0.16667E+02    0.16389E+01
   0.21489E+02    0.68110E+01    0.16667E+02    0.16389E+01
   0.21354E+02    0.68635E+01    0.17068E+02    0.16484E+01
   0.21354E+02    0.68635E+01    0.17068E+02    0.16484E+01
   0.21167E+02    0.69160E+01    0.17517E+02    0.16596E+01
   0.21167E+02    0.69160E+01    0.17517E+02    0.16596E+01
   0.20934E+02    0.69672E+01    0.18005E+02    0.16718E+01
   0.20934E+02    0.69672E+01    0.18005E+02    0.16718E+01
   0.20661E+02    0.70156E+01    0.18519E+02    0.16846E+01
   0.20661E+02    0.70156E+01    0.18519E+02    0.16846E+01
   0.20356E+02    0.70600E+01    0.19048E+02    0.16973E+01
   0.20356E+02    0.70600E+01    0.19048E+02    0.16973E+01
   0.20028E+02    0.70991E+01    0.19575E+02    0.17095E+01
   0.20028E+02    0.70991E+01    0.19575E+02    0.17095E+01
   0.19687E+02    0.71316E+01    0.20087E+02    0.17207E+01
   0.19687E+02    0.71316E+01    0.20087E+02    0.17207E+01
   0.19340E+02    0.71562E+01    0.20570E+02    0.17308E+01
   0.19340E+02    0.71562E+01    0.20570E+02    0.17308E+01
   0.18998E+02    0.71723E+01    0.21009E+02    0.17395E+01
   0.18998E+02    0.71723E+01    0.21009E+02    0.17395E+01
   0.18668E+02    0.71792E+01    0.21394E+02    0.17469E+01
   0.18668E+02    0.71792E+01    0.21394E+02    0.17469E+01
   0.18357E+02    0.71772E+01    0.21716E+02    0.17529E+01
   0.18357E+02    0.71772E+01    0.21716E+02    0.17529E+01
   0.18072E+02    0.71669E+01    0.21968E+02    0.17577E+01
   0.18072E+02    0.71669E+01    0.21968E+02    0.17577E+01
   0.17817E+02    0.71489E+01    0.22145E+02    0.17614E+01
   0.17817E+02    0.71489E+01    0.22145E+02    0.17614E+01
   0.17597E+02    0.71248E+01    0.22246E+02    0.17643E+01
   0.17597E+02    0.71248E+01    0.22246E+02    0.17643E+01
   0.17413E+02    0.70956E+01    0.22273E+02    0.17664E+01
   0.17413E+02    0.70956E+01    0.22273E+02    0.17664E+01
   0.17269E+02    0.70627E+01    0.22228E+02    0.17679E+01
   0.17269E+02    0.70627E+01    0.22228E+02    0.17679E+01
   0.17166E+02    0.70274E+01    0.22115E+02    0.17690E+01
   0.17166E+02    0.70274E+01    0.22115E+02    0.17690E+01
   0.17103E+02    0.69906E+01    0.21940E+02    0.17696E+01
   0.17103E+02    0.69906E+01    0.21940E+02    0.17696E+01
   0.17082E+02    0.69535E+01    0.21711E+02    0.17699E+01
   0.17082E+02    0.69535E+01    0.21711E+02    0.17699E+01
   0.17102E+02    0.69167E+01    0.21435E+02    0.17698E+01
   0.17102E+02    0.69167E+01    0.21435E+02    0.17698E+01
   0.17161E+02    0.68811E+01    0.21121E+02    0.17693E+01
   0.17161E+02    0.68811E+01    0.21121E+02    0.17693E+01
   0.17258E+02    0.68471E+01    0.20776E+02    0.17683E+01
   0.17258E+02    0.68471E+01    0.20776E+02    0.17683E+01
   0.17391E+02    0.68154E+01    0.20411E+02    0.17668E+01
   0.17391E+02    0.68154E+01    0.20411E+02    0.17668E+01
   0.17558E+02    0.67862E+01    0.20032E+02    0.17648E+01
   0.17558E+02    0.67862E+01    0.20032E+02    0.17648E+01
   0.17755E+02    0.67600E+01    0.19648E+02    0.17622E+01
   0.17755E+02    0.67600E+01    0.19648E+02    0.17622E+01
   0.17978E+02    0.67370E+01    0.19268E+02    0.17590E+01
   0.17978E+02    0.67370E+01    0.19268E+02    0.17590E+01
   0.18224E+02    0.67173E+01    0.18898E+02    0.17551E+01
   0.18224E+02    0.67173E+01    0.18898E+02    0.17551E+01
   0.18489E+02    0.67011E+01    0.18544E+02    0.17507E+01
   0.18489E+02    0.67011E+01    0.18544E+02    0.17507E+01
   0.18768E+02    0.66884E+01    0.18214E+02    0.17458E+01
   0.18768E+02    0.66884E+01    0.18214E+02    0.17458E+01
   0.19055E+02    0.66794E+01    0.17911E+02    0.17405E+01
   0.19055E+02    0.66794E+01    0.17911E+02    0.17405E+01
   0.19346E+02    0.66740E+01    0.17640E+02    0.17350E+01
   0.19346E+02    0.66740E+01    0.17640E+02    0.17350E+01
   0.19636E+02    0.66720E+01    0.17404E+02    0.17293E+01
   0.19636E+02    0.66720E+01    0.17404E+02    0.17293E+01
   0.19920E+02    0.66736E+01    0.17206E+02    0.17237E+01
   0.19920E+02    0.66736E+01    0.17206E+02    0.17237E+01
   0.20194E+02    0.66784E+01    0.17047E+02    0.17182E+01
   0.20194E+02    0.66784E+01    0.17047E+02    0.17182E+01
   0.20452E+02    0.66864E+01    0.16929E+02    0.17132E+01
   0.20452E+02    0.66864E+01    0.16929E+02    0.17132E+01
   0.20692E+02    0.66974E+01    0.16852E+02    0.17087E+01
   0.20692E+02    0.66974E+01    0.16852E+02    0.17087E+01
   0.20908E+02    0.67112E+01    0.16815E+02    0.17049E+01
   0.20908E+02    0.67112E+01    0.16815E+02    0.17049E+01
   0.21099E+02    0.67274E+01    0.16817E+02    0.17018E+01
   0.21099E+02    0.67274E+01    0.16817E+02    0.17018E+01
   0.21262E+02    0.67458E+01    0.16858E+02    0.16997E+01
   0.21262E+02    0.67458E+01    0.16858E+02    0.16997E+01
   0.21395E+02    0.67662E+01    0.16935E+02    0.16984E+01
   0.21395E+02    0.67662E+01    0.16935E+02    0.16984E+01
   0.21496E+02    0.67879E+01    0.17046E+02    0.16981E+01
   0.21496E+02    0.67879E+01    0.17046E+02    0.16981E+01
   0.21566E+02    0.68108E+01    0.17188E+02    0.16986E+01
   0.21566E+02    0.68108E+01    0.17188E+02    0.16986E+01
   0.21603E+02    0.68343E+01    0.17358E+02    0.17000E+01
   0.21603E+02    0.68343E+01    0.17358E+02    0.17000E+01
   0.21610E+02    0.68579E+01    0.17552E+02    0.17022E+01
   0.21610E+02    0.68579E+01    0.17552E+02    0.17022E+01
   0.21586E+02    0.68813E+01    0.17765E+02    0.17050E+01
   0.21586E+02    0.68813E+01    0.17765E+02    0.17050E+01
   0.21533E+02    0.69038E+01    0.17993E+02    0.17084E+01
   0.21533E+02    0.69038E+01    0.17993E+02    0.17084E+01
   0.21454E+02    0.69251E+01    0.18231E+02    0.17121E+01
   0.21454E+02    0.69251E+01    0.18231E+02    0.17121E+01
   0.21352E+02    0.69445E+01    0.18474E+02    0.17162E+01
   0.21352E+02    0.69445E+01    0.18474E+02    0.17162E+01
   0.21229E+02    0.69618E+01    0.18716E+02    0.17204E+01
   0.21229E+02    0.69618E+01    0.18716E+02    0.17204E+01
   0.21089E+02    0.69764E+01    0.18952E+02    0.17246E+01
   0.21089E+02    0.69764E+01    0.18952E+02    0.17246E+01
   0.20935E+02    0.69882E+01    0.19177E+02    0.17288E+01
   0.20935E+02    0.69882E+01    0.19177E+02    0.17288E+01
   0.20772E+02    0.69969E+01    0.19386E+02    0.17328E+01
   0.20772E+02    0.69969E+01    0.19386E+02    0.17328E+01
   0.20602E+02    0.70023E+01    0.19576E+02    0.17366E+01
   0.20602E+02    0.70023E+01    0.19576E+02    0.17366E+01
   0.20430E+02    0.70045E+01    0.19741E+02    0.17401E+01
   0.20430E+02    0.70045E+01    0.19741E+02    0.17401E+01
   0.20259E+02    0.70035E+01    0.19879E+02    0.17434E+01
   0.20259E+02    0.70035E+01    0.19879E+02    0.17434E+01
   0.20093E+02    0.69995E+01    0.19989E+02    0.17464E+01
   0.20093E+02    0.69995E+01    0.19989E+02    0.17464E+01
   0.19934E+02    0.69927E+01    0.20067E+02    0.17490E+01
   0.19934E+02    0.69927E+01    0.20067E+02    0.17490E+01
   0.19785E+02    0.69834E+01    0.20114E+02    0.17513E+01
   0.19785E+02    0.69834E+01    0.20114E+02    0.17513E+01
   0.19649E+02    0.69722E+01    0.20131E+02    0.17532E+01
   0.19649E+02    0.69722E+01    0.20131E+02    0.17532E+01
   0.19528E+02    0.69591E+01    0.20116E+02    0.17549E+01
   0.19528E+02    0.69591E+01    0.20116E+02    0.17549E+01
   0.19423E+02    0.69448E+01    0.20073E+02    0.17562E+01
   0.19423E+02    0.69448E+01    0.20073E+02    0.17562E+01
   0.19336E+02    0.69296E+01    0.20004E+02    0.17572E+01
   0.19336E+02    0.69296E+01    0.20004E+02    0.17572E+01
   0.19268E+02    0.69139E+01    0.19910E+02    0.17579E+01
   0.19268E+02    0.69139E+01    0.19910E+02    0.17579E+01
   0.19218E+02    0.68980E+01    0.19796E+02    0.17583E+01
   0.19218E+02    0.68980E+01    0.19796E+02    0.17583E+01
   0.19188E+02    0.68823E+01    0.19664E+02    0.17583E+01
   0.19188E+02    0.68823E+01    0.19664E+02    0.17583E+01
   0.19177E+02    0.68672E+01    0.19518E+02    0.17581E+01
   0.19177E+02    0.68672E+01    0.19518E+02    0.17581E+01
   0.19184E+02    0.68528E+01    0.19361E+02    0.17575E+01
   0.19184E+02    0.68528E+01    0.19361E+02    0.17575E+01
   0.19208E+02    0.68394E+01    0.19198E+02    0.17567E+01
   0.19208E+02    0.68394E+01    0.19198E+02    0.17567E+01
   0.19248E+02    0.68273E+01    0.19033E+02    0.17556E+01
   0.19248E+02    0.68273E+01    0.19033E+02    0.17556E+01
   0.19303E+02    0.68166E+01    0.18867E+02    0.17543E+01
   0.19303E+02    0.68166E+01    0.18867E+02    0.17543E+01
   0.19370E+02    0.68074E+01    0.18706E+02    0.17528E+01
   0.19370E+02    0.68074E+01    0.18706E+02    0.17528E+01
   0.19448E+02    0.67998E+01    0.18552E+02    0.17511E+01
   0.19448E+02    0.67998E+01    0.18552E+02    0.17511E+01
   0.19534E+02    0.67940E+01    0.18407E+02    0.17492E+01
   0.19534E+02    0.67940E+01    0.18407E+02    0.17492E+01
   0.19627E+02    0.67899E+01    0.18275E+02    0.17473E+01
   0.19627E+02    0.67899E+01    0.18275E+02    0.17473E+01
   0.19724E+02    0.67875E+01    0.18156E+02    0.17454E+01
   0.19724E+02    0.67875E+01    0.18156E+02    0.17454E+01
   0.19823E+02    0.67868E+01    0.18054E+02    0.17434E+01
   0.19823E+02    0.67868E+01    0.18054E+02    0.17434E+01
   0.19921E+02    0.67878E+01    0.17968E+02    0.17416E+01
   0.19921E+02    0.67878E+01    0.17968E+02    0.17416E+01
   0.20018E+02    0.67904E+01    0.17901E+02    0.17399E+01
   0.20018E+02    0.67904E+01    0.17901E+02    0.17399E+01
   0.20110E+02    0.67944E+01    0.17852E+02    0.17383E+01
   0.20110E+02    0.67944E+01    0.17852E+02    0.17383E+01
   0.20196E+02    0.67999E+01    0.17822E+02    0.17370E+01
   0.20196E+02    0.67999E+01    0.17822E+02    0.17370E+01
   0.20275E+02    0.68065E+01    0.17810E+02    0.17359E+01
   0.20275E+02    0.68065E+01    0.17810E+02    0.17359E+01
   0.20345E+02    0.68142E+01    0.17816E+02    0.17351E+01
   0.20345E+02    0.68142E+01    0.17816E+02    0.17351E+01
   0.20405E+02    0.68228E+01    0.17840E+02    0.17345E+01
   0.20405E+02    0.68228E+01    0.17840E+02    0.17345E+01
   0.20454E+02    0.68320E+01    0.17879E+02    0.17342E+01
   0.20454E+02    0.68320E+01    0.17879E+02    0.17342E+01
   0.20493E+02    0.68418E+01    0.17934E+02    0.17342E+01
   0.20493E+02    0.68418E+01    0.17934E+02    0.17342E+01
   0.20520E+02    0.68518E+01    0.18001E+02    0.17345E+01
   0.20520E+02    0.68518E+01    0.18001E+02    0.17345E+01
   0.20535E+02    0.68619E+01    0.18080E+02    0.17350E+01
   0.20535E+02    0.68619E+01    0.18080E+02    0.17350E+01
   0.20540E+02    0.68719E+01    0.18167E+02    0.17357E+01
   0.20540E+02    0.68719E+01    0.18167E+02    0.17357E+01
   0.20534E+02    0.68816E+01    0.18262E+02    0.17366E+01
   0.20534E+02    0.68816E+01    0.18262E+02    0.17366E+01
   0.20517E+02    0.68907E+01    0.18362E+02    0.17375E+01
   0.20517E+02    0.68907E+01    0.18362E+02    0.17375E+01
   0.20491E+02    0.68991E+01    0.18465E+02    0.17386E+01
   0.20491E+02    0.68991E+01    0.18465E+02    0.17386E+01
   0.20458E+02    0.69066E+01    0.18568E+02    0.17398E+01
   0.20458E+02    0.69066E+01    0.18568E+02    0.17398E+01
   0.20417E+02    0.69132E+01    0.18670E+02    0.17409E+01
   0.20417E+02    0.69132E+01    0.18670E+02    0.17409E+01
   0.20370E+02    0.69187E+01    0.18768E+02    0.17421E+01
   0.20370E+02    0.69187E+01    0.18768E+02    0.17421E+01
   0.20318E+02    0.69230E+01    0.18860E+02    0.17432E+01
   0.20318E+02    0.69230E+01    0.18860E+02    0.17432E+01
   0.20263E+02    0.69261E+01    0.18945E+02    0.17442E+01
   0.20263E+02    0.69261E+01    0.18945E+02    0.17442E+01
   0.20206E+02    0.69280E+01    0.19021E+02    0.17451E+01
   0.20206E+02    0.69280E+01    0.19021E+02    0.17451E+01
   0.20148E+02    0.69287E+01    0.19088E+02    0.17460E+01
   0.20148E+02    0.69287E+01    0.19088E+02    0.17460E+01
   0.20090E+02    0.69282E+01    0.19143E+02    0.17467E+01
   0.20090E+02    0.69282E+01    0.19143E+02    0.17467E+01
   0.20034E+02    0.69267E+01    0.19187E+02    0.17473E+01
   0.20034E+02    0.69267E+01    0.19187E+02    0.17473E+01
   0.19980E+02    0.69242E+01    0.19219E+02    0.17477E+01
   0.19980E+02    0.69242E+01    0.19219E+02    0.17477E+01
   0.19930E+02    0.69209E+01    0.19239E+02    0.17481E+01
   0.19930E+02    0.69209E+01    0.19239E+02    0.17481E+01
   0.19883E+02    0.69169E+01    0.19248E+02    0.17483E+01
   0.19883E+02    0.69169E+01    0.19248E+02    0.17483E+01
   0.19841E+02    0.69123E+01    0.19245E+02    0.17484E+01
   0.19841E+02    0.69123E+01    0.19245E+02    0.17484E+01
   0.19805E+02    0.69072E+01    0.19232E+02    0.17483E+01
   0.19805E+02    0.69072E+01    0.19232E+02    0.17483E+01
   0.19774E+02    0.69018E+01    0.19210E+02    0.17482E+01
   0.19774E+02    0.69018E+01    0.19210E+02    0.17482E+01
   0.19749E+02    0.68964E+01    0.19179E+02    0.17479E+01
   0.19749E+02    0.68964E+01    0.19179E+02    0.17479E+01
   0.19729E+02    0.68909E+01    0.19141E+02    0.17476E+01
   0.19729E+02    0.68909E+01    0.19141E+02    0.17476E+01
   0.19716E+02    0.68855E+01    0.19097E+02    0.17472E+01
   0.19716E+02    0.68855E+01    0.19097E+02    0.17472E+01
   0.19708E+02    0.68803E+01    0.19049E+02    0.17467E+01
   0.19708E+02    0.68803E+01    0.19049E+02    0.17467E+01
   0.19705E+02    0.68755E+01    0.18997E+02    0.17462E+01
   0.19705E+02    0.68755E+01    0.18997E+02    0.17462E+01
   0.19707E+02    0.68710E+01    0.18944E+02    0.17456E+01
   0.19707E+02    0.68710E+01    0.18944E+02    0.17456E+01
   0.19714E+02    0.68671E+01    0.18889E+02    0.17449E+01
   0.19714E+02    0.68671E+01    0.18889E+02    0.17449E+01
   0.19725E+02    0.68637E+01    0.18836E+02    0.17443E+01
   0.19725E+02    0.68637E+01    0.18836E+02    0.17443E+01
   0.19739E+02    0.68609E+01    0.18785E+02    0.17436E+01
   0.19739E+02    0.68609E+01    0.18785E+02    0.17436E+01
   0.19757E+02    0.68587E+01    0.18736E+02    0.17429E+01
   0.19757E+02    0.68587E+01    0.18736E+02    0.17429E+01
   0.19776E+02    0.68571E+01    0.18691E+02    0.17422E+01
   0.19776E+02    0.68571E+01    0.18691E+02    0.17422E+01
   0.19797E+02    0.68561E+01    0.18651E+02    0.17416E+01
   0.19797E+02    0.68561E+01    0.18651E+02    0.17416E+01
   0.19818E+02    0.68558E+01    0.18616E+02    0.17410E+01
   0.19818E+02    0.68558E+01    0.18616E+02    0.17410E+01
   0.19840E+02    0.68560E+01    0.18587E+02    0.17404E+01
   0.19840E+02    0.68560E+01    0.18587E+02    0.17404E+01
   0.19862E+02    0.68568E+01    0.18564E+02    0.17399E+01
   0.19862E+02    0.68568E+01    0.18564E+02    0.17399E+01
   0.19882E+02    0.68581E+01    0.18547E+02    0.17395E+01
   0.19882E+02    0.68581E+01    0.18547E+02    0.17395E+01
   0.19902E+02    0.68599E+01    0.18536E+02    0.17391E+01
   0.19902E+02    0.68599E+01    0.18536E+02    0.17391E+01
   0.19919E+02    0.68620E+01    0.18532E+02    0.17388E+01
   0.19919E+02    0.68620E+01    0.18532E+02    0.17388E+01
   0.19935E+02    0.68645E+01    0.18533E+02    0.17386E+01
   0.19935E+02    0.68645E+01    0.18533E+02    0.17386E+01
   0.19948E+02    0.68673E+01    0.18541E+02    0.17384E+01
   0.19948E+02    0.68673E+01    0.18541E+02    0.17384E+01
   0.19958E+02    0.68702E+01    0.18553E+02    0.17384E+01
   0.19958E+02    0.68702E+01    0.18553E+02    0.17384E+01
   0.19966E+02    0.68733E+01    0.18570E+02    0.17383E+01
   0.19966E+02    0.68733E+01    0.18570E+02    0.17383E+01
   0.19971E+02    0.68764E+01    0.18591E+02    0.17384E+01
   0.19971E+02    0.68764E+01    0.18591E+02    0.17384E+01
   0.19973E+02    0.68794E+01    0.18615E+02    0.17385E+01
   0.19973E+02    0.68794E+01    0.18615E+02    0.17385E+01
   0.19973E+02    0.68824E+01    0.18642E+02    0.17386E+01
   0.19973E+02    0.68824E+01    0.18642E+02    0.17386E+01
   0.19970E+02    0.68852E+01    0.18671E+02    0.17388E+01
   0.19970E+02    0.68852E+01    0.18671E+02    0.17388E+01
   0.19965E+02    0.68879E+01    0.18701E+02    0.17390E+01
   0.19965E+02    0.68879E+01    0.18701E+02    0.17390E+01
   0.19958E+02    0.68902E+01    0.18732E+02    0.17392E+01
   0.19958E+02    0.68902E+01    0.18732E+02    0.17392E+01
   0.19949E+02    0.68923E+01    0.18762E+02    0.17395E+01
   0.19949E+02    0.68923E+01    0.18762E+02    0.17395E+01
   0.19938E+02    0.68940E+01    0.18792E+02    0.17397E+01
   0.19938E+02    0.68940E+01    0.18792E+02    0.17397E+01
   0.19927E+02    0.68953E+01    0.18819E+02    0.17399E+01
   0.19927E+02    0.68953E+01    0.18819E+02    0.17399E+01
   0.19915E+02    0.68963E+01    0.18845E+02    0.17400E+01
   0.19915E+02    0.68963E+01    0.18845E+02    0.17400E+01
   0.19903E+02    0.68969E+01    0.18868E+02    0.17402E+01
   0.19903E+02    0.68969E+01    0.18868E+02    0.17402E+01
   0.19890E+02    0.68972E+01    0.18888E+02    0.17403E+01
   0.19890E+02    0.68972E+01    0.18888E+02    0.17403E+01
   0.19878E+02    0.68971E+01    0.18905E+02    0.17404E+01
   0.19878E+02    0.68971E+01    0.18905E+02    0.17404E+01
   0.19867E+02    0.68966E+01    0.18918E+02    0.17404E+01
   0.19867E+02    0.68966E+01    0.18918E+02    0.17404E+01
   0.19857E+02    0.68958E+01    0.18928E+02    0.17404E+01
   0.19857E+02    0.68958E+01    0.18928E+02    0.17404E+01
   0.19848E+02    0.68948E+01    0.18934E+02    0.17403E+01
   0.19848E+02    0.68948E+01    0.18934E+02    0.17403E+01
   0.19840E+02    0.68935E+01    0.18936E+02    0.17402E+01
   0.19840E+02    0.68935E+01    0.18936E+02    0.17402E+01
   0.19834E+02    0.68920E+01    0.18934E+02    0.17400E+01
   0.19834E+02    0.68920E+01    0.18934E+02    0.17400E+01
   0.19830E+02    0.68903E+01    0.18930E+02    0.17398E+01
   0.19830E+02    0.68903E+01    0.18930E+02    0.17398E+01
   0.19827E+02    0.68886E+01    0.18922E+02    0.17396E+01
   0.19827E+02    0.68886E+01    0.18922E+02    0.17396E+01
   0.19827E+02    0.68867E+01    0.18911E+02    0.17393E+01
   0.19827E+02    0.68867E+01    0.18911E+02    0.17393E+01
   0.19828E+02    0.68849E+01    0.18898E+02    0.17389E+01
   0.19828E+02    0.68849E+01    0.18898E+02    0.17389E+01
   0.19831E+02    0.68830E+01    0.18883E+02    0.17386E+01
   0.19831E+02    0.68830E+01    0.18883E+02    0.17386E+01
   0.19835E+02    0.68813E+01    0.18866E+02    0.17382E+01
   0.19835E+02    0.68813E+01    0.18866E+02    0.17382E+01
   0.19842E+02    0.68796E+01    0.18848E+02    0.17378E+01
   0.19842E+02    0.68796E+01    0.18848E+02    0.17378E+01
   0.19849E+02    0.68780E+01    0.18829E+02    0.17374E+01
   0.19849E+02    0.68780E+01    0.18829E+02    0.17374E+01
   0.19858E+02    0.68766E+01    0.18810E+02    0.17369E+01
   0.19858E+02    0.68766E+01    0.18810E+02    0.17369E+01
   0.19868E+02    0.68754E+01    0.18791E+02    0.17365E+01
   0.19868E+02    0.68754E+01    0.18791E+02    0.17365E+01
   0.19879E+02    0.68744E+01    0.18773E+02    0.17360E+01
   0.19879E+02    0.68744E+01    0.18773E+02    0.17360E+01
   0.19891E+02    0.68735E+01    0.18756E+02    0.17356E+01
   0.19891E+02    0.68735E+01    0.18756E+02    0.17356E+01
   0.19902E+02    0.68729E+01    0.18740E+02    0.17352E+01
   0.19902E+02    0.68729E+01    0.18740E+02    0.17352E+01
   0.19914E+02    0.68726E+01    0.18726E+02    0.17348E+01
   0.19914E+02    0.68726E+01    0.18726E+02    0.17348E+01
   0.19926E+02    0.68724E+01    0.18713E+02    0.17344E+01
   0.19926E+02    0.68724E+01    0.18713E+02    0.17344E+01
   0.19938E+02    0.68725E+01    0.18702E+02    0.17340E+01
   0.19938E+02    0.68725E+01    0.18702E+02    0.17340E+01
   0.19949E+02    0.68727E+01    0.18694E+02    0.17337E+01
   0.19949E+02    0.68727E+01    0.18694E+02    0.17337E+01
   0.19959E+02    0.68732E+01    0.18687E+02    0.17334E+01
   0.19959E+02    0.68732E+01    0.18687E+02    0.17334E+01
   0.19968E+02    0.68738E+01    0.18683E+02    0.17331E+01
   0.19968E+02    0.68738E+01    0.18683E+02    0.17331E+01
   0.19976E+02    0.68746E+01    0.18682E+02    0.17329E+01
   0.19976E+02    0.68746E+01    0.18682E+02    0.17329E+01
   0.19983E+02    0.68755E+01    0.18682E+02    0.17327E+01
   0.19983E+02    0.68755E+01    0.18682E+02    0.17327E+01
   0.19988E+02    0.68765E+01    0.18685E+02    0.17326E+01
   0.19988E+02    0.68765E+01    0.18685E+02    0.17326E+01
   0.19993E+02    0.68776E+01    0.18689E+02    0.17325E+01
   0.19993E+02    0.68776E+01    0.18689E+02    0.17325E+01
   0.19996E+02    0.68788E+01    0.18695E+02    0.17324E+01
   0.19996E+02    0.68788E+01    0.18695E+02    0.17324E+01
   0.19997E+02    0.68799E+01    0.18703E+02    0.17324E+01
   0.19997E+02    0.68799E+01    0.18703E+02    0.17324E+01
   0.19997E+02    0.68811E+01    0.18712E+02    0.17324E+01
   0.19997E+02    0.68811E+01    0.18712E+02    0.17324E+01
   0.19996E+02    0.68822E+01    0.18722E+02    0.17324E+01
   0.19996E+02    0.68822E+01    0.18722E+02    0.17324E+01
   0.19994E+02    0.68833E+01    0.18733E+02    0.17324E+01
   0.19994E+02    0.68833E+01    0.18733E+02    0.17324E+01
   0.19990E+02    0.68843E+01    0.18745E+02    0.17325E+01
   0.19990E+02    0.68843E+01    0.18745E+02    0.17325E+01
   0.19985E+02    0.68853E+01    0.18757E+02    0.17326E+01
   0.19985E+02    0.68853E+01    0.18757E+02    0.17326E+01
   0.19980E+02    0.68861E+01    0.18769E+02    0.17327E+01
   0.19980E+02    0.68861E+01    0.18769E+02    0.17327E+01
   0.19973E+02    0.68868E+01    0.18780E+02    0.17328E+01
   0.19973E+02    0.68868E+01    0.18780E+02    0.17328E+01
   0.19966E+02    0.68874E+01    0.18791E+02    0.17329E+01
   0.19966E+02    0.68874E+01    0.18791E+02    0.17329E+01
   0.19959E+02    0.68879E+01    0.18802E+02    0.17331E+01
   0.19959E+02    0.68879E+01    0.18802E+02    0.17331E+01
   0.19951E+02    0.68882E+01    0.18811E+02    0.17332E+01
   0.19951E+02    0.68882E+01    0.18811E+02    0.17332E+01
   0.19943E+02    0.68883E+01    0.18820E+02    0.17333E+01
   0.19943E+02    0.68883E+01    0.18820E+02    0.17333E+01
   0.19936E+02    0.68884E+01    0.18827E+02    0.17334E+01
   0.19936E+02    0.68884E+01    0.18827E+02    0.17334E+01
   0.19928E+02    0.68883E+01    0.18833E+02    0.17335E+01
   0.19928E+02    0.68883E+01    0.18833E+02    0.17335E+01
   0.19921E+02    0.68881E+01    0.18838E+02    0.17336E+01
   0.19921E+02    0.68881E+01    0.18838E+02    0.17336E+01
   0.19914E+02    0.68878E+01    0.18841E+02    0.17337E+01
   0.19914E+02    0.68878E+01    0.18841E+02    0.17337E+01
   0.19907E+02    0.68873E+01    0.18843E+02    0.17337E+01
   0.19907E+02    0.68873E+01    0.18843E+02    0.17337E+01
   0.19902E+02    0.68868E+01    0.18844E+02    0.17338E+01
   0.19902E+02    0.68868E+01    0.18844E+02    0.17338E+01
   0.19897E+02    0.68862E+01    0.18843E+02    0.17338E+01
   0.19897E+02    0.68862E+01    0.18843E+02    0.17338E+01
   0.19892E+02    0.68856E+01    0.18841E+02    0.17339E+01
   0.19892E+02    0.68856E+01    0.18841E+02    0.17339E+01
   0.19889E+02    0.68849E+01    0.18838E+02    0.17339E+01
   0.19889E+02    0.68849E+01    0.18838E+02    0.17339E+01
   0.19886E+02    0.68842E+01    0.18833E+02    0.17339E+01
   0.19886E+02    0.68842E+01    0.18833E+02    0.17339E+01
   0.19884E+02    0.68835E+01    0.18828E+02    0.17338E+01
   0.19884E+02    0.68835E+01    0.18828E+02    0.17338E+01
   0.19884E+02    0.68828E+01    0.18823E+02    0.17338E+01
   0.19884E+02    0.68828E+01    0.18823E+02    0.17338E+01
   0.19883E+02    0.68822E+01    0.18816E+02    0.17338E+01
   0.19883E+02    0.68822E+01    0.18816E+02    0.17338E+01
   0.19884E+02    0.68815E+01    0.18809E+02    0.17337E+01
   0.19884E+02    0.68815E+01    0.18809E+02    0.17337E+01
   0.19885E+02    0.68809E+01    0.18802E+02    0.17336E+01
   0.19885E+02    0.68809E+01    0.18802E+02    0.17336E+01
   0.19887E+02    0.68804E+01    0.18795E+02    0.17336E+01
   0.19887E+02    0.68804E+01    0.18795E+02    0.17336E+01
   0.19890E+02    0.68799E+01    0.18788E+02    0.17335E+01
   0.19890E+02    0.68799E+01    0.18788E+02    0.17335E+01
   0.19893E+02    0.68795E+01    0.18781E+02    0.17334E+01
   0.19893E+02    0.68795E+01    0.18781E+02    0.17334E+01
   0.19896E+02    0.68792E+01    0.18775E+02    0.17334E+01
   0.19896E+02    0.68792E+01    0.18775E+02    0.17334E+01
   0.19900E+02    0.68790E+01    0.18768E+02    0.17333E+01
   0.19900E+02    0.68790E+01    0.18768E+02    0.17333E+01
   0.19904E+02    0.68788E+01    0.18763E+02    0.17332E+01
   0.19904E+02    0.68788E+01    0.18763E+02    0.17332E+01
   0.19908E+02    0.68787E+01    0.18758E+02    0.17332E+01
   0.19908E+02    0.68787E+01    0.18758E+02    0.17332E+01
   0.19912E+02    0.68787E+01    0.18754E+02    0.17331E+01
   0.19912E+02    0.68787E+01    0.18754E+02    0.17331E+01
   0.19916E+02    0.68788E+01    0.18751E+02    0.17330E+01
   0.19916E+02    0.68788E+01    0.18751E+02    0.17330E+01
   0.19920E+02    0.68790E+01    0.18748E+02    0.17330E+01
   0.19920E+02    0.68790E+01    0.18748E+02    0.17330E+01
   0.19924E+02    0.68792E+01    0.18746E+02    0.17330E+01
   0.19924E+02    0.68792E+01    0.18746E+02    0.17330E+01
   0.19927E+02    0.68794E+01    0.18745E+02    0.17330E+01
   0.19927E+02    0.68794E+01    0.18745E+02    0.17330E+01
   0.19930E+02    0.68797E+01    0.18745E+02    0.17329E+01
   0.19930E+02    0.68797E+01    0.18745E+02    0.17329E+01
   0.19933E+02    0.68801E+01    0.18746E+02    0.17329E+01
   0.19933E+02    0.68801E+01    0.18746E+02    0.17329E+01
   0.19935E+02    0.68804E+01    0.18747E+02    0.17329E+01
   0.19935E+02    0.68804E+01    0.18747E+02    0.17329E+01
   0.19937E+02    0.68808E+01    0.18749E+02    0.17330E+01
   0.19937E+02    0.68808E+01    0.18749E+02    0.17330E+01
   0.19938E+02    0.68812E+01    0.18751E+02    0.17330E+01
   0.19938E+02    0.68812E+01    0.18751E+02    0.17330E+01
   0.19939E+02    0.68816E+01    0.18754E+02    0.17330E+01
   0.19939E+02    0.68816E+01    0.18754E+02    0.17330E+01
   0.19940E+02    0.68820E+01    0.18758E+02    0.17330E+01
   0.19940E+02    0.68820E+01    0.18758E+02    0.17330E+01
   0.19940E+02    0.68824E+01    0.18761E+02    0.17331E+01
   0.19940E+02    0.68824E+01    0.18761E+02    0.17331E+01
   0.19940E+02    0.68827E+01    0.18765E+02    0.17331E+01
   0.19940E+02    0.68827E+01    0.18765E+02    0.17331E+01
   0.19938E+02    0.68814E+01    0.18772E+02    0.17335E+01
   0.19938E+02    0.68814E+01    0.18772E+02    0.17335E+01
   0.19928E+02    0.68763E+01    0.18777E+02    0.17355E+01
   0.19928E+02    0.68763E+01    0.18777E+02    0.17355E+01
   0.19924E+02    0.68783E+01    0.18774E+02    0.17355E+01
   0.19924E+02    0.68783E+01    0.18774E+02    0.17355E+01
   0.19926E+02    0.68823E+01    0.18773E+02    0.17351E+01
   0.19926E+02    0.68823E+01    0.18773E+02    0.17351E+01
   0.19928E+02    0.68865E+01    0.18775E+02    0.17346E+01
   0.19928E+02    0.68865E+01    0.18775E+02    0.17346E+01
   0.19930E+02    0.68878E+01    0.18780E+02    0.17341E+01
   0.19930E+02    0.68878E+01    0.18780E+02    0.17341E+01
   0.19930E+02    0.68873E+01    0.18785E+02    0.17338E+01
   0.19930E+02    0.68873E+01    0.18785E+02    0.17338E+01
   0.19930E+02    0.68859E+01    0.18789E+02    0.17335E+01
   0.19930E+02    0.68859E+01    0.18789E+02    0.17335E+01
   0.19930E+02    0.68848E+01    0.18792E+02    0.17333E+01
   0.19930E+02    0.68848E+01    0.18792E+02    0.17333E+01
   0.19929E+02    0.68842E+01    0.18795E+02    0.17332E+01
   0.19929E+02    0.68842E+01    0.18795E+02    0.17332E+01
   0.19928E+02    0.68841E+01    0.18796E+02    0.17331E+01
   0.19928E+02    0.68841E+01    0.18796E+02    0.17331E+01
   0.19926E+02    0.68842E+01    0.18797E+02    0.17331E+01
   0.19926E+02    0.68842E+01    0.18797E+02    0.17331E+01
   0.19924E+02    0.68842E+01    0.18798E+02    0.17332E+01
   0.19924E+02    0.68842E+01    0.18798E+02    0.17332E+01
   0.19923E+02    0.68840E+01    0.18798E+02    0.17332E+01
   0.19923E+02    0.68840E+01    0.18798E+02    0.17332E+01
   0.19921E+02    0.68837E+01    0.18798E+02    0.17333E+01
   0.19921E+02    0.68837E+01    0.18798E+02    0.17333E+01
   0.19919E+02    0.68834E+01    0.18797E+02    0.17333E+01
   0.19919E+02    0.68834E+01    0.18797E+02    0.17333E+01
   0.19918E+02    0.68831E+01    0.18796E+02    0.17334E+01
   0.19918E+02    0.68831E+01    0.18796E+02    0.17334E+01
   0.19917E+02    0.68828E+01    0.18795E+02    0.17334E+01
   0.19917E+02    0.68828E+01    0.18795E+02    0.17334E+01
   0.19917E+02    0.68825E+01    0.18793E+02    0.17334E+01
   0.19917E+02    0.68825E+01    0.18793E+02    0.17334E+01
   0.19916E+02    0.68822E+01    0.18791E+02    0.17335E+01
   0.19916E+02    0.68822E+01    0.18791E+02    0.17335E+01
   0.19916E+02    0.68819E+01    0.18789E+02    0.17335E+01
   0.19916E+02    0.68819E+01    0.18789E+02    0.17335E+01
   0.19917E+02    0.68817E+01    0.18786E+02    0.17335E+01
   0.19917E+02    0.68817E+01    0.18786E+02    0.17335E+01
   0.19917E+02    0.68814E+01    0.18783E+02    0.17335E+01
   0.19917E+02    0.68814E+01    0.18783E+02    0.17335E+01
   0.19918E+02    0.68812E+01    0.18781E+02    0.17335E+01
   0.19918E+02    0.68812E+01    0.18781E+02    0.17335E+01
   0.19919E+02    0.68810E+01    0.18778E+02    0.17334E+01
   0.19919E+02    0.68810E+01    0.18778E+02    0.17334E+01
   0.19920E+02    0.68808E+01    0.18775E+02    0.17334E+01
   0.19920E+02    0.68808E+01    0.18775E+02    0.17334E+01
   0.19922E+02    0.68807E+01    0.18773E+02    0.17334E+01
   0.19922E+02    0.68807E+01    0.18773E+02    0.17334E+01
   0.19923E+02    0.68806E+01    0.18770E+02    0.17334E+01
   0.19923E+02    0.68806E+01    0.18770E+02    0.17334E+01
   0.19924E+02    0.68805E+01    0.18768E+02    0.17333E+01
   0.19924E+02    0.68805E+01    0.18768E+02    0.17333E+01
   0.19926E+02    0.68805E+01    0.18766E+02    0.17333E+01
   0.19926E+02    0.68805E+01    0.18766E+02    0.17333E+01
   0.19927E+02    0.68805E+01    0.18765E+02    0.17333E+01
   0.19927E+02    0.68805E+01    0.18765E+02    0.17333E+01
   0.19929E+02    0.68805E+01    0.18763E+02    0.17333E+01
   0.19929E+02    0.68805E+01    0.18763E+02    0.17333E+01
   0.19930E+02    0.68806E+01    0.18762E+02    0.17332E+01
   0.19930E+02    0.68806E+01    0.18762E+02    0.17332E+01
   0.19931E+02    0.68807E+01    0.18762E+02    0.17332E+01
   0.19931E+02    0.68807E+01    0.18762E+02    0.17332E+01
   0.19932E+02    0.68808E+01    0.18761E+02    0.17332E+01
   0.19932E+02    0.68808E+01    0.18761E+02    0.17332E+01
   0.19933E+02    0.68809E+01    0.18761E+02    0.17332E+01
   0.19933E+02    0.68809E+01    0.18761E+02    0.17332E+01
   0.19933E+02    0.68811E+01    0.18762E+02    0.17332E+01
   0.19933E+02    0.68811E+01    0.18762E+02    0.17332E+01
   0.19934E+02    0.68812E+01    0.18762E+02    0.17332E+01
   0.19934E+02    0.68812E+01    0.18762E+02    0.17332E+01
   0.19934E+02    0.68814E+01    0.18763E+02    0.17332E+01
   0.19934E+02    0.68814E+01    0.18763E+02    0.17332E+01
   0.19934E+02    0.68816E+01    0.18764E+02    0.17332E+01
   0.19934E+02    0.68816E+01    0.18764E+02    0.17332E+01
   0.19934E+02    0.68817E+01    0.18766E+02    0.17332E+01
   0.19934E+02    0.68817E+01    0.18766E+02    0.17332E+01
   0.19934E+02    0.68819E+01    0.18767E+02    0.17332E+01
   0.19934E+02    0.68819E+01    0.18767E+02    0.17332E+01
   0.19933E+02    0.68821E+01    0.18769E+02    0.17332E+01
   0.19933E+02    0.68821E+01    0.18769E+02    0.17332E+01
   0.19932E+02    0.68822E+01    0.18771E+02    0.17332E+01
   0.19932E+02    0.68822E+01    0.18771E+02    0.17332E+01
   0.19932E+02    0.68824E+01    0.18772E+02    0.17333E+01
   0.19932E+02    0.68824E+01    0.18772E+02    0.17333E+01
   0.19931E+02    0.68825E+01    0.18774E+02    0.17333E+01
   0.19931E+02    0.68825E+01    0.18774E+02    0.17333E+01
   0.19930E+02    0.68826E+01    0.18776E+02    0.17333E+01
   0.19930E+02    0.68826E+01    0.18776E+02    0.17333E+01
   0.19929E+02    0.68827E+01    0.18777E+02    0.17333E+01
   0.19929E+02    0.68827E+01    0.18777E+02    0.17333E+01
   0.19928E+02    0.68827E+01    0.18779E+02    0.17333E+01
   0.19928E+02    0.68827E+01    0.18779E+02    0.17333E+01
   0.19927E+02    0.68828E+01    0.18780E+02    0.17333E+01
   0.19927E+02    0.68828E+01    0.18780E+02    0.17333E+01
   0.19925E+02    0.68828E+01    0.18781E+02    0.17334E+01
   0.19925E+02    0.68828E+01    0.18781E+02    0.17334E+01
   0.19924E+02    0.68828E+01    0.18782E+02    0.17334E+01
   0.19924E+02    0.68828E+01    0.18782E+02    0.17334E+01
   0.19923E+02    0.68828E+01    0.18783E+02    0.17334E+01
   0.19923E+02    0.68828E+01    0.18783E+02    0.17334E+01
   0.19922E+02    0.68827E+01    0.18784E+02    0.17334E+01
   0.19922E+02    0.68827E+01    0.18784E+02    0.17334E+01
   0.19921E+02    0.68827E+01    0.18784E+02    0.17334E+01
   0.19921E+02    0.68827E+01    0.18784E+02    0.17334E+01
   0.19921E+02    0.68826E+01    0.18784E+02    0.17334E+01
   0.19921E+02    0.68826E+01    0.18784E+02    0.17334E+01
   0.19920E+02    0.68825E+01    0.18784E+02    0.17334E+01
   0.19920E+02    0.68825E+01    0.18784E+02    0.17334E+01
   0.19919E+02    0.68824E+01    0.18784E+02    0.17333E+01
   0.19919E+02    0.68824E+01    0.18784E+02    0.17333E+01
   0.19919E+02    0.68823E+01    0.18784E+02    0.17333E+01
   0.19919E+02    0.68823E+01    0.18784E+02    0.17333E+01
   0.19919E+02    0.68822E+01    0.18783E+02    0.17333E+01
   0.19919E+02    0.68822E+01    0.18783E+02    0.17333E+01
   0.19919E+02    0.68821E+01    0.18782E+02    0.17333E+01
   0.19919E+02    0.68821E+01    0.18782E+02    0.17333E+01
   0.19919E+02    0.68820E+01    0.18781E+02    0.17333E+01
   0.19919E+02    0.68820E+01    0.18781E+02    0.17333E+01
   0.19919E+02    0.68819E+01    0.18780E+02    0.17332E+01
   0.19919E+02    0.68819E+01    0.18780E+02    0.17332E+01
   0.19919E+02    0.68818E+01    0.18779E+02    0.17332E+01
   0.19919E+02    0.68818E+01    0.18779E+02    0.17332E+01
   0.19919E+02    0.68817E+01    0.18778E+02    0.17332E+01
   0.19919E+02    0.68817E+01    0.18778E+02    0.17332E+01
   0.19920E+02    0.68816E+01    0.18777E+02    0.17331E+01
   0.19920E+02    0.68816E+01    0.18777E+02    0.17331E+01
   0.19920E+02    0.68815E+01    0.18776E+02    0.17331E+01
   0.19920E+02    0.68815E+01    0.18776E+02    0.17331E+01
   0.19921E+02    0.68814E+01    0.18775E+02    0.17331E+01
   0.19921E+02    0.68814E+01    0.18775E+02    0.17331E+01
   0.19922E+02    0.68814E+01    0.18774E+02    0.17330E+01
   0.19922E+02    0.68814E+01    0.18774E+02    0.17330E+01
   0.19922E+02    0.68813E+01    0.18773E+02    0.17330E+01
   0.19922E+02    0.68813E+01    0.18773E+02    0.17330E+01
   0.19923E+02    0.68813E+01    0.18772E+02    0.17330E+01
   0.19923E+02    0.68813E+01    0.18772E+02    0.17330E+01
   0.19924E+02    0.68813E+01    0.18771E+02    0.17329E+01
   0.19924E+02    0.68813E+01    0.18771E+02    0.17329E+01
   0.19925E+02    0.68813E+01    0.18770E+02    0.17329E+01
   0.19925E+02    0.68813E+01    0.18770E+02    0.17329E+01
   0.19926E+02    0.68813E+01    0.18770E+02    0.17329E+01
   0.19926E+02    0.68813E+01    0.18770E+02    0.17329E+01
   0.19926E+02    0.68813E+01    0.18769E+02    0.17328E+01
   0.19926E+02    0.68813E+01    0.18769E+02    0.17328E+01
   0.19927E+02    0.68814E+01    0.18769E+02    0.17328E+01
   0.19927E+02    0.68814E+01    0.18769E+02    0.17328E+01
   0.19928E+02    0.68814E+01    0.18769E+02    0.17328E+01
   0.19928E+02    0.68814E+01    0.18769E+02    0.17328E+01
   0.19928E+02    0.68815E+01    0.18769E+02    0.17328E+01
   0.19928E+02    0.68815E+01    0.18769E+02    0.17328E+01
   0.19929E+02    0.68815E+01    0.18769E+02    0.17327E+01
   0.19929E+02    0.68815E+01    0.18769E+02    0.17327E+01
   0.19929E+02    0.68816E+01    0.18769E+02    0.17327E+01
   0.19929E+02    0.68816E+01    0.18769E+02    0.17327E+01
   0.19930E+02    0.68817E+01    0.18769E+02    0.17327E+01
   0.19930E+02    0.68817E+01    0.18769E+02    0.17327E+01
   0.19930E+02    0.68818E+01    0.18770E+02    0.17327E+01
   0.19930E+02    0.68818E+01    0.18770E+02    0.17327E+01
   0.19930E+02    0.68818E+01    0.18770E+02    0.17327E+01
   0.19930E+02    0.68818E+01    0.18770E+02    0.17327E+01
   0.19930E+02    0.68819E+01    0.18771E+02    0.17326E+01
   0.19930E+02    0.68819E+01    0.18771E+02    0.17326E+01
   0.19930E+02    0.68820E+01    0.18772E+02    0.17326E+01
   0.19930E+02    0.68820E+01    0.18772E+02    0.17326E+01
   0.19930E+02    0.68820E+01    0.18772E+02    0.17326E+01
   0.19930E+02    0.68820E+01    0.18772E+02    0.17326E+01
   0.19930E+02    0.68821E+01    0.18773E+02    0.17326E+01
   0.19930E+02    0.68821E+01    0.18773E+02    0.17326E+01
   0.19930E+02    0.68822E+01    0.18774E+02    0.17326E+01
   0.19930E+02    0.68822E+01    0.18774E+02    0.17326E+01
   0.19929E+02    0.68822E+01    0.18775E+02    0.17326E+01
   0.19929E+02    0.68822E+01    0.18775E+02    0.17326E+01
   0.19929E+02    0.68823E+01    0.18775E+02    0.17326E+01
   0.19929E+02    0.68823E+01    0.18775E+02    0.17326E+01
   0.19929E+02    0.68823E+01    0.18776E+02    0.17326E+01
   0.19929E+02    0.68823E+01    0.18776E+02    0.17326E+01
   0.19928E+02    0.68823E+01    0.18777E+02    0.17326E+01
   0.19928E+02    0.68823E+01    0.18777E+02    0.17326E+01
   0.19928E+02    0.68823E+01    0.18777E+02    0.17326E+01
   0.19928E+02    0.68823E+01    0.18777E+02    0.17326E+01
   0.19927E+02    0.68824E+01    0.18778E+02    0.17325E+01
   0.19927E+02    0.68824E+01    0.18778E+02    0.17325E+01
   0.19927E+02    0.68824E+01    0.18778E+02    0.17325E+01
   0.19927E+02    0.68824E+01    0.18778E+02    0.17325E+01
   0.19926E+02    0.68824E+01    0.18779E+02    0.17325E+01
   0.19926E+02    0.68824E+01    0.18779E+02    0.17325E+01
   0.19926E+02    0.68823E+01    0.18779E+02    0.17325E+01
   0.19926E+02    0.68823E+01    0.18779E+02    0.17325E+01
   0.19926E+02    0.68823E+01    0.18779E+02    0.17325E+01
   0.19926E+02    0.68823E+01    0.18779E+02    0.17325E+01
   0.19925E+02    0.68823E+01    0.18779E+02    0.17325E+01
   0.19925E+02    0.68823E+01    0.18779E+02    0.17325E+01
   0.19925E+02    0.68823E+01    0.18780E+02    0.17325E+01
   0.19925E+02    0.68823E+01    0.18780E+02    0.17325E+01
   0.19925E+02    0.68822E+01    0.18780E+02    0.17325E+01
   0.19925E+02    0.68822E+01    0.18780E+02    0.17325E+01
   0.19924E+02    0.68822E+01    0.18779E+02    0.17325E+01
   0.19924E+02    0.68822E+01    0.18779E+02    0.17325E+01
   0.19924E+02    0.68822E+01    0.18779E+02    0.17325E+01
   0.19924E+02    0.68822E+01    0.18779E+02    0.17325E+01
   0.19924E+02    0.68821E+01    0.18779E+02    0.17324E+01
   0.19924E+02    0.68821E+01    0.18779E+02    0.17324E+01
   0.19924E+02    0.68821E+01    0.18779E+02    0.17324E+01
   0.19924E+02    0.68821E+01    0.18779E+02    0.17324E+01
   0.19924E+02    0.68821E+01    0.18778E+02    0.17324E+01
   0.19924E+02    0.68821E+01    0.18778E+02    0.17324E+01
   0.19924E+02    0.68820E+01    0.18778E+02    0.17324E+01
   0.19924E+02    0.68820E+01    0.18778E+02    0.17324E+01
   0.19924E+02    0.68820E+01    0.18778E+02    0.17324E+01
   0.19924E+02    0.68820E+01    0.18778E+02    0.17324E+01
   0.19924E+02    0.68819E+01    0.18777E+02    0.17324E+01
   0.19924E+02    0.68819E+01    0.18777E+02    0.17324E+01
   0.19924E+02    0.68819E+01    0.18777E+02    0.17324E+01
   0.19924E+02    0.68819E+01    0.18777E+02    0.17324E+01
   0.19924E+02    0.68819E+01    0.18777E+02    0.17324E+01
   0.19924E+02    0.68819E+01    0.18777E+02    0.17324E+01
   0.19924E+02    0.68819E+01    0.18776E+02    0.17323E+01
   0.19924E+02    0.68819E+01    0.18776E+02    0.17323E+01
   0.19924E+02    0.68819E+01    0.18776E+02    0.17323E+01
   0.19924E+02    0.68819E+01    0.18776E+02    0.17323E+01
   0.19924E+02    0.68818E+01    0.18776E+02    0.17323E+01
   0.19924E+02    0.68818E+01    0.18776E+02    0.17323E+01
   0.19924E+02    0.68818E+01    0.18775E+02    0.17323E+01
   0.19924E+02    0.68818E+01    0.18775E+02    0.17323E+01
   0.19925E+02    0.68818E+01    0.18775E+02    0.17323E+01
   0.19925E+02    0.68818E+01    0.18775E+02    0.17323E+01
   0.19925E+02    0.68818E+01    0.18775E+02    0.17323E+01
   0.19925E+02    0.68818E+01    0.18775E+02    0.17323E+01
   0.19925E+02    0.68818E+01    0.18775E+02    0.17323E+01
   0.19925E+02    0.68818E+01    0.18775E+02    0.17323E+01
   0.19925E+02    0.68819E+01    0.18775E+02    0.17323E+01
   0.19925E+02    0.68819E+01    0.18775E+02    0.17323E+01
   0.19925E+02    0.68819E+01    0.18775E+02    0.17323E+01
   0.19925E+02    0.68819E+01    0.18775E+02    0.17323E+01
   0.19925E+02    0.68819E+01    0.18774E+02    0.17322E+01
   0.19925E+02    0.68819E+01    0.18774E+02    0.17322E+01
   0.19926E+02    0.68819E+01    0.18774E+02    0.17322E+01
   0.19926E+02    0.68819E+01    0.18774E+02    0.17322E+01
   0.19926E+02    0.68819E+01    0.18775E+02    0.17322E+01
   0.19926E+02    0.68819E+01    0.18775E+02    0.17322E+01
   0.19926E+02    0.68819E+01    0.18775E+02    0.17322E+01
   0.19926E+02    0.68819E+01    0.18775E+02    0.17322E+01
   0.19926E+02    0.68820E+01    0.18775E+02    0.17322E+01
   0.19926E+02    0.68820E+01    0.18775E+02    0.17322E+01
   0.19926E+02    0.68820E+01    0.18775E+02    0.17322E+01
   0.19926E+02    0.68820E+01    0.18775E+02    0.17322E+01
   0.19926E+02    0.68820E+01    0.18775E+02    0.17322E+01
   0.19926E+02    0.68820E+01    0.18775E+02    0.17322E+01
   0.19926E+02    0.68820E+01    0.18775E+02    0.17322E+01
   0.19926E+02    0.68820E+01    0.18775E+02    0.17322E+01
   0.19926E+02    0.68821E+01    0.18776E+02    0.17322E+01
   0.19926E+02    0.68821E+01    0.18776E+02    0.17322E+01
   0.19926E+02    0.68821E+01    0.18776E+02    0.17322E+01
   0.19926E+02    0.68821E+01    0.18776E+02    0.17322E+01
   0.19926E+02    0.68821E+01    0.18776E+02    0.17322E+01
   0.19926E+02    0.68821E+01    0.18776E+02    0.17322E+01
   0.19926E+02    0.68821E+01    0.18776E+02    0.17322E+01
   0.19926E+02    0.68821E+01    0.18776E+02    0.17322E+01
   0.19926E+02    0.68821E+01    0.18776E+02    0.17322E+01
   0.19926E+02    0.68821E+01    0.18776E+02    0.17322E+01
   0.19926E+02    0.68821E+01    0.18777E+02    0.17322E+01
   0.19926E+02    0.68821E+01    0.18777E+02    0.17322E+01
   0.19926E+02    0.68821E+01    0.18777E+02    0.17322E+01
   0.19926E+02    0.68821E+01    0.18777E+02    0.17322E+01
   0.19926E+02    0.68821E+01    0.18777E+02    0.17322E+01
   0.19926E+02    0.68821E+01    0.18777E+02    0.17322E+01
   0.19925E+02    0.68821E+01    0.18777E+02    0.17322E+01
   0.19925E+02    0.68821E+01    0.18777E+02    0.17322E+01
   0.19925E+02    0.68821E+01    0.18777E+02    0.17322E+01
   0.19925E+02    0.68821E+01    0.18777E+02    0.17322E+01
   0.19925E+02    0.68821E+01    0.18777E+02    0.17322E+01
   0.19925E+02    0.68821E+01    0.18777E+02    0.17322E+01
   0.19925E+02    0.68821E+01    0.18777E+02    0.17322E+01
   0.19925E+02    0.68821E+01    0.18777E+02    0.17322E+01
   0.19925E+02    0.68821E+01    0.18777E+02    0.17322E+01
   0.19925E+02    0.68821E+01    0.18777E+02    0.17322E+01
   0.19925E+02    0.68821E+01    0.18778E+02    0.17322E+01
   0.19925E+02    0.68821E+01    0.18778E+02    0.17322E+01
   0.19925E+02    0.68821E+01    0.18777E+02    0.17322E+01
   0.19925E+02    0.68821E+01    0.18777E+02    0.17322E+01
   0.19925E+02    0.68821E+01    0.18777E+02    0.17322E+01
   0.19925E+02    0.68821E+01    0.18777E+02    0.17322E+01
   0.19925E+02    0.68821E+01    0.18777E+02    0.17322E+01
   0.19925E+02    0.68821E+01    0.18777E+02    0.17322E+01
   0.19925E+02    0.68821E+01    0.18777E+02    0.17322E+01
   0.19925E+02    0.68821E+01    0.18777E+02    0.17322E+01
   0.19925E+02    0.68820E+01    0.18777E+02    0.17322E+01
   0.19925E+02    0.68820E+01    0.18777E+02    0.17322E+01
   0.19925E+02    0.68820E+01    0.18777E+02    0.17322E+01
   0.19925E+02    0.68820E+01    0.18777E+02    0.17322E+01
   0.19925E+02    0.68820E+01    0.18777E+02    0.17322E+01
   0.19925E+02    0.68820E+01    0.18777E+02    0.17322E+01
   0.19925E+02    0.68820E+01    0.18777E+02    0.17322E+01
   0.19925E+02    0.68820E+01    0.18777E+02    0.17322E+01
   0.19925E+02    0.68820E+01    0.18777E+02    0.17322E+01
   0.19925E+02    0.68820E+01    0.18777E+02    0.17322E+01
   0.19925E+02    0.68820E+01    0.18777E+02    0.17322E+01
   0.19925E+02    0.68820E+01    0.18777E+02    0.17322E+01
   0.19925E+02    0.68820E+01    0.18776E+02    0.17322E+01
   0.19925E+02    0.68820E+01    0.18776E+02    0.17322E+01
   0.19925E+02    0.68820E+01    0.18776E+02    0.17322E+01
   0.19925E+02    0.68820E+01    0.18776E+02    0.17322E+01
   0.19925E+02    0.68820E+01    0.18776E+02    0.17322E+01
   0.19925E+02    0.68820E+01    0.18776E+02    0.17322E+01
   0.19925E+02    0.68819E+01    0.18776E+02    0.17321E+01
   0.19925E+02    0.68819E+01    0.18776E+02    0.17321E+01
   0.19926E+02    0.68819E+01    0.18776E+02    0.17321E+01
   0.19926E+02    0.68819E+01    0.18776E+02    0.17321E+01
   0.19926E+02    0.68819E+01    0.18776E+02    0.17321E+01
   0.19926E+02    0.68819E+01    0.18776E+02    0.17321E+01
   0.19926E+02    0.68819E+01    0.18776E+02    0.17321E+01
   0.19926E+02    0.68819E+01    0.18776E+02    0.17321E+01
   0.19926E+02    0.68819E+01    0.18776E+02    0.17321E+01
   0.19926E+02    0.68819E+01    0.18776E+02    0.17321E+01
   0.19926E+02    0.68819E+01    0.18775E+02    0.17321E+01
   0.19926E+02    0.68819E+01    0.18775E+02    0.17321E+01
   0.19926E+02    0.68819E+01    0.18775E+02    0.17321E+01
   0.19926E+02    0.68819E+01    0.18775E+02    0.17321E+01
   0.19926E+02    0.68819E+01    0.18775E+02    0.17321E+01
   0.19926E+02    0.68819E+01    0.18775E+02    0.17321E+01
   0.19926E+02    0.68820E+01    0.18775E+02    0.17321E+01
   0.19926E+02    0.68820E+01    0.18775E+02    0.17321E+01
   0.19926E+02    0.68820E+01    0.18775E+02    0.17321E+01
   0.19926E+02    0.68820E+01    0.18775E+02    0.17321E+01
   0.19926E+02    0.68820E+01    0.18775E+02    0.17321E+01
   0.19926E+02    0.68820E+01    0.18775E+02    0.17321E+01
   0.19926E+02    0.68820E+01    0.18775E+02    0.17321E+01
   0.19926E+02    0.68820E+01    0.18775E+02    0.17321E+01
   0.19926E+02    0.68820E+01    0.18776E+02    0.17321E+01
   0.19926E+02    0.68820E+01    0.18776E+02    0.17321E+01
   0.19926E+02    0.68820E+01    0.18776E+02    0.17321E+01
   0.19926E+02    0.68820E+01    0.18776E+02    0.17321E+01
   0.19926E+02    0.68820E+01    0.18776E+02    0.17321E+01
   0.19926E+02    0.68820E+01    0.18776E+02    0.17321E+01
   0.19926E+02    0.68820E+01    0.18776E+02    0.17321E+01
   0.19926E+02    0.68820E+01    0.18776E+02    0.17321E+01
   0.19926E+02    0.68820E+01    0.18776E+02    0.17321E+01
   0.19926E+02    0.68820E+01    0.18776E+02    0.17321E+01
   0.19926E+02    0.68820E+01    0.18776E+02    0.17321E+01
   0.19926E+02    0.68820E+01    0.18776E+02    0.17321E+01
   0.19926E+02    0.68820E+01    0.18776E+02    0.17321E+01
   0.19926E+02    0.68820E+01    0.18776E+02    0.17321E+01
   0.19926E+02    0.68820E+01    0.18776E+02    0.17321E+01
   0.19926E+02    0.68820E+01    0.18776E+02    0.17321E+01
   0.19926E+02    0.68820E+01    0.18776E+02    0.17321E+01
   0.19926E+02    0.68820E+01    0.18776E+02    0.17321E+01
   0.19926E+02    0.68820E+01    0.18776E+02    0.17321E+01
   0.19926E+02    0.68820E+01    0.18776E+02    0.17321E+01
   0.19926E+02    0.68820E+01    0.18776E+02    0.17321E+01
   0.19926E+02    0.68820E+01    0.18776E+02    0.17321E+01
   0.19926E+02    0.68820E+01    0.18776E+02    0.17321E+01
   0.19926E+02    0.68820E+01    0.18776E+02    0.17321E+01
   0.19926E+02    0.68820E+01    0.18776E+02    0.17321E+01
   0.19926E+02    0.68820E+01    0.18776E+02    0.17321E+01
   0.19926E+02    0.68820E+01    0.18776E+02    0.17321E+01
   0.19926E+02    0.68820E+01    0.18776E+02    0.17321E+01
   0.19926E+02    0.68820E+01    0.18776E+02    0.17321E+01
   0.19926E+02    0.68820E+01    0.18776E+02    0.17321E+01
   0.19926E+02    0.68820E+01    0.18776E+02    0.17321E+01
   0.19926E+02    0.68820E+01    0.18776E+02    0.17321E+01
   0.19926E+02    0.68820E+01    0.18776E+02    0.17321E+01
   0.19926E+02    0.68820E+01    0.18776E+02    0.17321E+01
   0.19926E+02    0.68820E+01    0.18776E+02    0.17321E+01
   0.19926E+02    0.68820E+01    0.18776E+02    0.17321E+01
   0.19926E+02    0.68820E+01    0.18776E+02    0.17321E+01
   0.19926E+02    0.68820E+01    0.18776E+02    0.17321E+01
   0.19926E+02    0.68820E+01    0.18776E+02    0.17321E+01
   0.19926E+02    0.68820E+01    0.18776E+02    0.17321E+01
   0.19926E+02    0.68820E+01    0.18776E+02    0.17321E+01
   0.19926E+02    0.68820E+01    0.18776E+02    0.17321E+01
   0.19926E+02    0.68820E+01    0.18776E+02    0.17321E+01
   0.19926E+02    0.68820E+01    0.18776E+02    0.17321E+01
   0.19926E+02    0.68820E+01    0.18776E+02    0.17321E+01
   0.19926E+02    0.68820E+01    0.18776E+02    0.17321E+01
   0.19926E+02    0.68820E+01    0.18776E+02    0.17321E+01
   0.19926E+02    0.68820E+01    0.18776E+02    0.17321E+01
   0.19926E+02    0.68820E+01    0.18776E+02    0.17321E+01
   0.19926E+02    0.68820E+01    0.18776E+02    0.17321E+01
   0.19926E+02    0.68820E+01    0.18776E+02    0.17321E+01
   0.19926E+02    0.68820E+01    0.18776E+02    0.17321E+01
   0.19926E+02    0.68820E+01    0.18776E+02    0.17321E+01
   0.19926E+02    0.68820E+01    0.18776E+02    0.17321E+01
   0.19926E+02    0.68820E+01    0.18776E+02    0.17321E+01
   0.19926E+02    0.68820E+01    0.18776E+02    0.17321E+01
   0.19926E+02    0.68820E+01    0.18776E+02    0.17321E+01
   0.19926E+02    0.68820E+01    0.18776E+02    0.17321E+01
   0.19926E+02    0.68820E+01    0.18776E+02    0.17321E+01
   0.19926E+02    0.68820E+01    0.18776E+02    0.17321E+01
   0.19926E+02    0.68820E+01    0.18776E+02    0.17321E+01
   0.19926E+02    0.68820E+01    0.18776E+02    0.17321E+01
   0.19926E+02    0.68820E+01    0.18776E+02    0.17321E+01
   0.19926E+02    0.68820E+01    0.18776E+02    0.17321E+01
   0.19926E+02    0.68820E+01    0.18776E+02    0.17321E+01
   0.19926E+02    0.68820E+01    0.18776E+02    0.17321E+01
   0.19926E+02    0.68820E+01    0.18776E+02    0.17321E+01
   0.19926E+02    0.68820E+01    0.18776E+02    0.17321E+01
   0.19926E+02    0.68820E+01    0.18776E+02    0.17321E+01
   0.19926E+02    0.68820E+01    0.18776E+02    0.17321E+01
   0.19926E+02    0.68820E+01    0.18776E+02    0.17321E+01
   0.19926E+02    0.68820E+01    0.18776E+02    0.17321E+01
   0.19926E+02    0.68820E+01    0.18776E+02    0.17321E+01
   0.19926E+02    0.68820E+01    0.18776E+02    0.17321E+01
   0.19926E+02    0.68820E+01    0.18776E+02    0.17321E+01
   0.19926E+02    0.68820E+01    0.18776E+02    0.17321E+01
   0.19926E+02    0.68820E+01    0.18776E+02    0.17321E+01
   0.19926E+02    0.68820E+01    0.18776E+02    0.17321E+01
   0.19926E+02    0.68820E+01    0.18776E+02    0.17321E+01
   0.19926E+02    0.68820E+01    0.18776E+02    0.17321E+01
   0.19926E+02    0.68820E+01    0.18776E+02    0.17321E+01
   0.19926E+02    0.68820E+01    0.18776E+02    0.17321E+01
   0.19926E+02    0.68820E+01    0.18776E+02    0.17321E+01
   0.19926E+02    0.68820E+01    0.18776E+02    0.17321E+01
   0.19926E+02    0.68820E+01    0.18776E+02    0.17321E+01
   0.19926E+02    0.68820E+01    0.18776E+02    0.17321E+01
   0.19926E+02    0.68820E+01    0.18776E+02    0.17321E+01
   0.19926E+02    0.68820E+01    0.18776E+02    0.17321E+01
   0.19926E+02    0.68820E+01    0.18776E+02    0.17321E+01
   0.19926E+02    0.68820E+01    0.18776E+02    0.17321E+01
   0.19926E+02    0.68820E+01    0.18776E+02    0.17321E+01
   0.19926E+02    0.68820E+01    0.18776E+02    0.17321E+01
   0.19926E+02    0.68820E+01    0.18776E+02    0.17321E+01
   0.19926E+02    0.68820E+01    0.18776E+02    0.17321E+01
   0.19926E+02    0.68820E+01    0.18776E+02    0.17320E+01
   0.19926E+02    0.68820E+01    0.18776E+02    0.17320E+01
   0.19926E+02    0.68820E+01    0.18776E+02    0.17320E+01
   0.19926E+02    0.68820E+01    0.18776E+02    0.17320E+01
   0.19926E+02    0.68820E+01    0.18776E+02    0.17320E+01
   0.19926E+02    0.68820E+01    0.18776E+02    0.17320E+01
   0.19926E+02    0.68820E+01    0.18776E+02    0.17320E+01
   0.19926E+02    0.68820E+01    0.18776E+02    0.17320E+01
   0.19926E+02    0.68820E+01    0.18776E+02    0.17320E+01
   0.19926E+02    0.68820E+01    0.18776E+02    0.17320E+01
   0.19926E+02    0.68820E+01    0.18776E+02    0.17320E+01
   0.19926E+02    0.68820E+01    0.18776E+02    0.17320E+01
   0.19926E+02    0.68820E+01    0.18776E+02    0.17320E+01
   0.19926E+02    0.68820E+01    0.18776E+02    0.17320E+01
   0.19926E+02    0.68820E+01    0.18776E+02    0.17320E+01
   0.19926E+02    0.68820E+01    0.18776E+02    0.17320E+01
   0.19926E+02    0.68820E+01    0.18776E+02    0.17320E+01
   0.19926E+02    0.68820E+01    0.18776E+02    0.17320E+01
   0.19926E+02    0.68820E+01    0.18776E+02    0.17320E+01
   0.19926E+02    0.68820E+01    0.18776E+02    0.17320E+01
   0.19926E+02    0.68820E+01    0.18776E+02    0.17320E+01
   0.19926E+02    0.68820E+01    0.18776E+02    0.17320E+01
   0.19926E+02    0.68820E+01    0.18776E+02    0.17320E+01
   0.19926E+02    0.68820E+01    0.18776E+02    0.17320E+01
   0.19926E+02    0.68820E+01    0.18776E+02    0.17320E+01
   0.19926E+02    0.68820E+01    0.18776E+02    0.17320E+01
   0.19926E+02    0.68820E+01    0.18776E+02    0.17320E+01
   0.19926E+02    0.68820E+01    0.18776E+02    0.17320E+01
   0.19926E+02    0.68820E+01    0.18776E+02    0.17320E+01
   0.19926E+02    0.68820E+01    0.18776E+02    0.17320E+01
   0.19926E+02    0.68820E+01    0.18776E+02    0.17320E+01
   0.19926E+02    0.68820E+01    0.18776E+02    0.17320E+01
   0.19926E+02    0.68820E+01    0.18776E+02    0.17320E+01
   0.19926E+02    0.68820E+01    0.18776E+02    0.17320E+01
   0.19926E+02    0.68820E+01    0.18776E+02    0.17320E+01
   0.19926E+02    0.68820E+01    0.18776E+02    0.17320E+01
   0.19926E+02    0.68820E+01    0.18776E+02    0.17320E+01
   0.19926E+02    0.68820E+01    0.18776E+02    0.17320E+01
   0.19926E+02    0.68820E+01    0.18776E+02    0.17320E+01
   0.19926E+02    0.68820E+01    0.18776E+02    0.17320E+01
   0.19926E+02    0.68820E+01    0.18776E+02    0.17320E+01
   0.19926E+02    0.68820E+01    0.18776E+02    0.17320E+01
   0.19926E+02    0.68820E+01    0.18776E+02    0.17320E+01
   0.19926E+02    0.68820E+01    0.18776E+02    0.17320E+01
   0.19926E+02    0.68820E+01    0.18776E+02    0.17320E+01
   0.19926E+02    0.68820E+01    0.18776E+02    0.17320E+01
   0.19926E+02    0.68820E+01    0.18776E+02    0.17320E+01
   0.19926E+02    0.68820E+01    0.18776E+02    0.17320E+01
   0.19926E+02    0.68820E+01    0.18776E+02    0.17320E+01
   0.19926E+02    0.68820E+01    0.18776E+02    0.17320E+01
   0.19926E+02    0.68820E+01    0.18776E+02    0.17320E+01
   0.19926E+02    0.68820E+01    0.18776E+02    0.17320E+01
   0.19926E+02    0.68820E+01    0.18776E+02    0.17320E+01
   0.19926E+02    0.68820E+01    0.18776E+02    0.17320E+01
   0.19926E+02    0.68820E+01    0.18776E+02    0.17320E+01
   0.19926E+02    0.68820E+01    0.18776E+02    0.17320E+01
   0.19926E+02    0.68820E+01    0.18776E+02    0.17320E+01
   0.19926E+02    0.68820E+01    0.18776E+02    0.17320E+01
   0.19926E+02    0.68820E+01    0.18776E+02    0.17320E+01
   0.19926E+02    0.68820E+01    0.18776E+02    0.17320E+01
   0.19926E+02    0.68820E+01    0.18776E+02    0.17320E+01
   0.19926E+02    0.68820E+01    0.18776E+02    0.17320E+01
   0.19926E+02    0.68820E+01    0.18776E+02    0.17320E+01
   0.19926E+02    0.68820E+01    0.18776E+02    0.17320E+01
   0.19926E+02    0.68820E+01    0.18776E+02    0.17320E+01
   0.19926E+02    0.68820E+01    0.18776E+02    0.17320E+01
   0.19926E+02    0.68820E+01    0.18776E+02    0.17320E+01
   0.19926E+02    0.68820E+01    0.18776E+02    0.17320E+01
   0.19926E+02    0.68820E+01    0.18776E+02    0.17320E+01
   0.19926E+02    0.68820E+01    0.18776E+02    0.17320E+01
   0.19926E+02    0.68820E+01    0.18776E+02    0.17320E+01
   0.19926E+02    0.68820E+01    0.18776E+02    0.17320E+01
   0.19926E+02    0.68820E+01    0.18776E+02    0.17320E+01
   0.19926E+02    0.68820E+01    0.18776E+02    0.17320E+01
   0.19926E+02    0.68820E+01    0.18776E+02    0.17320E+01
   0.19926E+02    0.68820E+01    0.18776E+02    0.17320E+01
   0.19926E+02    0.68820E+01    0.18776E+02    0.17320E+01
   0.19926E+02    0.68820E+01    0.18776E+02    0.17320E+01
   0.19926E+02    0.68820E+01    0.18776E+02    0.17320E+01
   0.19926E+02    0.68820E+01    0.18776E+02    0.17320E+01
   0.19926E+02    0.68820E+01    0.18776E+02    0.17320E+01
   0.19926E+02    0.68820E+01    0.18776E+02    0.17320E+01
   0.19926E+02    0.68820E+01    0.18776E+02    0.17320E+01
   0.19926E+02    0.68820E+01    0.18776E+02    0.17320E+01
   0.19926E+02    0.68820E+01    0.18776E+02    0.17320E+01
   0.19926E+02    0.68820E+01    0.18776E+02    0.17320E+01
   0.19926E+02    0.68820E+01    0.18776E+02    0.17320E+01
   0.19926E+02    0.68820E+01    0.18776E+02    0.17320E+01
   0.19926E+02    0.68820E+01    0.18776E+02    0.17320E+01
   0.19926E+02    0.68820E+01    0.18776E+02    0.17320E+01
   0.19926E+02    0.68820E+01    0.18776E+02    0.17320E+01
   0.19926E+02    0.68820E+01    0.18776E+02    0.17320E+01
   0.19926E+02    0.68820E+01    0.18776E+02    0.17320E+01
   0.19926E+02    0.68820E+01    0.18776E+02    0.17320E+01
   0.19926E+02    0.68820E+01    0.18776E+02    0.17320E+01
   0.19926E+02    0.68820E+01    0.18776E+02    0.17320E+01
   0.19926E+02    0.68820E+01    0.18776E+02    0.17320E+01
   0.19926E+02    0.68820E+01    0.18776E+02    0.17320E+01
   0.19926E+02    0.68820E+01    0.18776E+02    0.17320E+01
   0.19926E+02    0.68820E+01    0.18776E+02    0.17320E+01
   0.19926E+02    0.68820E+01    0.18776E+02    0.17320E+01
   0.19926E+02    0.68820E+01    0.18776E+02    0.17320E+01
   0.19926E+02    0.68820E+01    0.18776E+02    0.17320E+01
   0.19926E+02    0.68820E+01    0.18776E+02    0.17320E+01
   0.19926E+02    0.68820E+01    0.18776E+02    0.17320E+01
   0.19926E+02    0.68820E+01    0.18776E+02    0.17320E+01
   0.19926E+02    0.68820E+01    0.18776E+02    0.17320E+01
   0.19926E+02    0.68820E+01    0.18776E+02    0.17320E+01
   0.19926E+02    0.68820E+01    0.18776E+02    0.17320E+01
   0.19926E+02    0.68820E+01    0.18776E+02    0.17320E+01
   0.19926E+02    0.68820E+01    0.18776E+02    0.17320E+01
   0.19926E+02    0.68820E+01    0.18776E+02    0.17320E+01
   0.19926E+02    0.68820E+01    0.18776E+02    0.17320E+01
   0.19926E+02    0.68820E+01    0.18776E+02    0.17320E+01
   0.19926E+02    0.68820E+01    0.18776E+02    0.17319E+01
   0.19926E+02    0.68820E+01    0.18776E+02    0.17319E+01
   0.19926E+02    0.68820E+01    0.18776E+02    0.17319E+01
   0.19926E+02    0.68820E+01    0.18776E+02    0.17319E+01
   0.19926E+02    0.68820E+01    0.18776E+02    0.17319E+01
   0.19926E+02    0.68820E+01    0.18776E+02    0.17319E+01
   0.19926E+02    0.68820E+01    0.18776E+02    0.17319E+01
   0.19926E+02    0.68820E+01    0.18776E+02    0.17319E+01
   0.19926E+02    0.68820E+01    0.18776E+02    0.17319E+01
   0.19926E+02    0.68820E+01    0.18776E+02    0.17319E+01
   0.19926E+02    0.68820E+01    0.18776E+02    0.17319E+01
